source target
731 1
6672 357
660 3
3413 33
6274 1
1314 0
764 207
1206 18
1918 1898
2411 1
2658 2
399 78
437 263
4128 2
3858 1
5 195
4476 466
9 0
392 152
191 232
506 282
2856 33
6675 1188
4181 3
848 1
1862 1044
1111 0
179 353
469 7
645 4
1470 225
1694 1
460 334
9 994
1427 46
5390 97
75 97
4237 2343
4806 280
4915 3
368 5624
49 910
377 265
6259 1
14 508
236 52
364 1
6595 3
3046 33
3720 1866
175 43
6325 4735
2106 4
259 4
577 1
2719 234
5896 4
192 33
1555 8
1115 513
1868 65
3153 614
4431 3
1503 2906
512 2987
192 80
2763 3387
2015 3
3025 4
3103 1
278 2
1645 2
525 3
1867 8
710 1
3376 33
1676 626
4270 353
3325 2
676 0
337 1684
68 336
2356 0
234 120
2603 1
642 3
5040 122
5691 261
6 922
25 3
116 68
210 1
1164 188
13 1570
4912 4
314 35
556 1656
7 4
4847 188
5582 1
176 0
5829 0
4965 1
54 33
6484 18
812 117
2151 1295
722 5122
158 3
5548 0
2288 3
82 4014
13 4572
2818 5654
794 523
217 630
0 28
188 1201
744 353
3902 8
124 3
275 3
226 623
522 0
2226 43
35 2939
6148 2314
1358 1829
5338 97
4623 3
497 0
1608 0
602 101
1792 2795
1671 433
56 1
3119 4
3135 6517
1343 0
3288 0
2629 264
2724 28
4029 125
3023 0
702 107
3270 3
3824 33
4811 1
2555 1988
216 246
14 41
2582 1
296 334
333 1121
1861 869
11 1253
4345 0
1250 1334
1090 3
436 2182
1497 3
2462 18
123 758
14 331
1673 0
3781 447
37 42
809 1
2499 43
5695 2156
624 0
3596 68
2489 1
6025 5924
1911 1
1118 239
2233 4
329 117
1877 2
5869 2106
5739 2554
3150 0
1189 0
912 52
304 2713
325 1
931 784
5962 3
1735 1737
2989 598
281 107
2028 1
908 0
3761 1546
1155 1
3002 675
6176 18
1340 3
6463 752
153 33
723 3
888 450
1994 0
106 3
1658 117
5 1701
2403 3
689 0
1150 265
3921 1
12 307
1914 1662
1714 18
2369 0
408 0
120 266
840 3
1006 752
27 5006
2788 261
1325 4
4489 2742
134 117
172 184
390 3
4756 0
30 42
584 8
2013 183
2036 200
555 505
77 117
1153 44
5225 2
849 117
1632 68
2769 5626
2468 1
2786 4
6285 2082
4441 4
5543 1
4791 828
835 183
4688 3
15 33
2434 0
3435 270
3160 2764
4238 3
6199 1
288 1
1034 42
649 8
2832 2
119 2
156 8
1205 3
531 44
2231 0
4636 1
881 23
130 623
517 1
1664 28
3070 1
1470 8
1470 1916
5717 266
51 0
3871 384
1416 68
2902 953
2281 33
5616 5182
17 1
4559 1
5670 3
1659 135
6474 2703
316 27
4822 2909
687 4
306 33
785 4
5389 1
477 8
3400 1
838 3
1426 263
2836 125
2964 42
153 227
2902 266
582 4
1264 107
197 42
2584 125
2765 2
2 8
435 2417
1236 1
5577 3
1492 107
4833 1583
1889 489
955 3
885 334
5999 4194
5991 1
2768 8
3746 1
921 0
1841 1411
4439 0
4826 1323
3438 117
2762 762
6384 0
756 76
6366 3
68 78
2602 18
471 3
533 4
809 1200
2679 0
24 44
258 994
1510 44
515 4634
1989 1
6078 1069
30 6
5150 172
1799 768
437 0
4793 25
6377 5052
252 1
403 1
5413 983
1367 499
191 102
1921 3
1015 1456
4067 3
4701 6258
6587 33
147 4
205 1798
581 6574
2515 2
100 44
3068 1390
731 450
237 117
1761 3930
1009 117
4470 4
4878 47
351 2
598 1
2463 0
70 686
1617 47
3706 18
4251 1
4436 3
5954 1
1831 68
3478 4
5090 0
4274 117
5124 97
833 33
1650 0
710 489
1579 4
2064 2122
1507 33
3269 18
23 450
98 1
444 117
27 7
1369 0
2210 3
5902 3
4621 42
1380 384
6257 869
64 0
524 756
1351 1
583 155
360 1451
5138 871
1595 776
4118 3659
1731 1240
1157 489
2 125
4202 4
3490 18
2997 2
767 44
2859 33
1303 64
1786 4
851 1
1458 43
4097 1
780 3
3918 125
2124 1
163 3
2731 107
3210 4
1400 294
2778 2
817 2
2707 2
5185 4051
31 24
5689 783
2090 0
5599 4547
2721 1630
153 394
6494 33
968 1
1231 0
2003 91
3105 4
367 1
3749 723
5832 5289
153 315
2834 18
105 18
950 0
6157 0
6663 890
5072 125
2035 347
3741 0
916 7
5359 18
1595 3
2395 1302
811 232
1129 117
189 564
14 5010
1002 5702
7 999
2044 394
4958 1576
123 3888
4816 1
988 512
1035 217
9 7
6496 1
1543 1
436 194
6109 768
247 0
4517 0
3223 1
5385 68
2732 540
2966 42
645 3
223 43
830 1
2221 33
2791 3
213 1
142 7
4416 44
3307 33
796 0
4227 4
532 634
1488 336
175 42
4834 33
3428 1078
330 1
4115 4195
4307 4087
577 0
3491 4
249 183
4246 2
4431 2
74 10
5517 3
2257 0
296 0
4678 1
2775 194
559 1
5085 1
1725 2156
1631 4013
4539 101
127 3
6087 374
6358 1
3103 0
4644 0
278 3
525 2
5530 33
231 33
957 5427
1146 6048
3942 1
5518 1522
6153 47
93 0
439 52
22 4
189 1345
1309 1142
1587 184
1967 92
4610 3
676 1
1199 183
7 353
1515 2
2356 1
106 44
140 838
1762 1
6032 1
3578 990
919 3328
1145 1
6343 10
5863 2
1728 0
3001 4581
494 1426
1091 1268
137 553
0 511
4894 4
846 2
1643 44
1093 3
158 0
3333 80
5866 4
146 568
6267 626
5071 4124
2751 2235
4932 2074
1525 4709
2669 2526
72 336
0 29
2625 52
3788 1
3100 3
1400 2713
4715 1376
6 1602
593 3
522 1
15 1840
929 1
878 92
3263 582
242 194
575 4
3473 0
744 0
5030 0
2031 1
162 1335
5277 1
480 3594
402 18
1343 3
57 2051
2687 1
109 3
2406 3
2875 8
1070 3543
368 18
4 0
6491 0
1531 1
5735 1248
2103 2762
5650 334
2804 1
843 3
1569 101
615 543
2155 1275
1497 2
101 1345
122 80
1873 1531
6003 4513
809 0
6182 925
1493 1794
1057 4911
624 1
1911 0
4061 207
1496 117
5528 1044
2048 1
359 3
1445 4
6405 3
4624 41
663 75
3400 117
512 1439
3557 1
5098 3
1293 33
908 1
1226 4
1028 274
2803 263
4657 0
6311 4934
2181 13
2835 0
106 0
35 4
27 4195
1377 1
5759 0
37 766
4808 3
2446 18
1535 368
3057 1
195 1662
9 4669
1985 627
1791 3
27 1321
5012 4
68 107
2730 8
1325 3
461 4
134 106
390 0
1244 117
1686 4
161 200
4410 1605
1871 8
2270 80
6355 194
6197 839
3437 0
253 1991
4063 3592
2338 1276
4105 2
4599 8
1719 117
2634 334
1652 8
161 42
825 3
5809 5105
7 559
137 1
265 84
4242 44
1631 942
5526 3610
4124 8
976 0
2741 944
9 95
5509 1
1152 3
1893 4
3908 1276
1822 0
2008 1362
321 78
3020 1240
2272 80
517 0
2572 125
702 4
4399 996
4016 2380
492 0
5009 1
668 3
840 936
51 3
1569 1
2348 3
6111 1
4708 2890
4445 8
1832 3041
2124 602
17 0
3002 0
1503 80
2163 4
5423 3
2385 2
4189 3
4088 0
255 1
0 1121
1032 4
4658 10
4891 6231
5232 107
5574 4
5593 925
1773 3
653 4
1702 1
1689 1382
1482 172
1085 1
1378 13
3946 117
6 694
761 117
1554 8
2518 0
710 78
4306 3
5355 4
3234 8
1443 2164
6533 852
234 46
146 1384
3638 97
3163 3
390 307
3019 267
5904 4
158 1475
3139 42
386 394
3129 0
2467 1501
5226 29
3712 1
208 427
767 4358
1271 1342
6232 3549
6171 18
286 2
23 1109
6 141
5491 0
101 1
2759 107
6275 80
6450 246
367 194
6 28
1955 1
1116 3
2544 309
403 0
1287 188
22 1898
4 1313
6040 0
33 3
35 1177
13 1069
2947 3
1034 237
2421 194
17 535
15 4
1048 1
57 246
5837 0
9 123
1903 2
5978 1882
640 307
1030 0
368 380
2127 1
2701 1542
57 5972
798 708
68 1313
1148 80
85 34
1835 0
971 1
3307 213
118 42
283 3
1389 43
3227 1376
3654 125
1347 1815
6567 4
4631 3
730 1611
1962 20
3481 1
2072 33
1006 1780
77 1248
64 1
4606 1
3296 0
4668 4
487 1
1598 3
734 2
6614 80
1934 1
210 870
4642 4194
1317 1
2414 2
4819 1
2 122
3932 4
5402 0
12 7
6428 3
1715 3
7 380
5529 131
1791 1600
1505 3
6019 288
3642 0
3827 4
817 1
4995 3976
393 666
2 1426
3176 1
367 0
3343 1
3512 3
72 422
950 1
842 694
3997 4
3158 0
1382 4
11 261
916 0
1675 349
2454 307
4418 0
1163 1
6379 0
228 184
964 372
3127 2648
3423 117
3460 1
532 80
6049 353
114 3
1931 4
6345 1
265 3
3014 42
3925 68
1126 2615
4128 4
79 1188
6616 2304
1922 624
6482 45
416 0
1543 0
365 35
1837 2063
498 900
1333 4
1472 4592
711 368
1477 852
3331 18
4764 0
1765 1
4697 35
2791 2
3877 3
4062 1
28 4
265 334
763 97
818 630
5367 42
5603 3
142 4
5756 75
2480 117
6514 380
433 557
179 1
6410 3
364 3
3452 1086
27 117
2723 0
542 1972
947 4
326 451
3377 3
5798 2
3678 851
6688 983
4246 3
4423 4192
1071 820
3359 4
6046 4244
6543 3
559 0
5085 0
268 95
732 596
624 117
3406 33
1213 3
346 1191
153 2069
25 374
278 0
1028 4705
1645 0
525 1
1574 4
5428 897
500 7
1947 3
1195 1318
5194 194
59 0
3915 1383
6290 0
3291 1
743 90
57 6483
176 2568
2603 3
3874 0
25 1
1576 198
432 13
2322 1
2569 0
44 122
1040 3
304 1763
5397 1
176 2
6670 1
4417 489
5115 766
2807 1
2720 3
2332 217
2575 143
5326 8
229 3
12 623
158 1
3684 2761
732 446
4018 729
4576 922
5795 3
3637 1
406 1039
4598 5710
3419 560
5936 91
1244 1
2580 742
6611 0
147 353
963 3
3295 18
1040 2148
0 141
2236 3
2052 2074
43 97
1114 932
2890 0
929 0
5471 3072
2509 598
6506 8
2 2578
5101 3
4921 357
4413 1
56 3
4541 76
1931 270
726 0
2889 89
6226 10
1960 1326
1237 4948
1997 1
2305 184
6035 29
5245 2889
3270 1
4811 3
445 0
3962 3337
321 18
5897 28
3438 3599
3631 8
4 1
4530 1
1223 334
1024 768
1778 3
1929 3
4075 3
1090 1
1147 80
9 766
155 4
913 80
6519 838
92 633
2274 1156
1878 89
2736 1765
3392 4373
5598 0
6624 910
5182 2103
624 2
2567 4
2736 0
791 0
2475 52
4293 0
4023 1
1038 3
2724 545
13 384
1445 3
4876 1
1877 0
386 18
2718 3
5123 0
9 1321
3106 184
5098 0
1888 2370
5345 1
9 1210
3719 46
1155 3
5928 0
1587 4
23 969
3955 2
546 534
6280 466
106 1
4376 1
3799 141
2218 3
2939 183
4794 91
5293 3
1436 6026
5792 942
72 0
4177 43
1 4
243 89
4183 117
2616 1
1817 2069
5513 568
3903 0
54 3
4987 3899
243 198
2351 3
390 1
391 856
893 0
0 75
1476 1
6683 3
859 1
641 246
5410 114
3541 33
6473 3
2132 1
2508 2457
6402 1
1115 368
118 1956
1689 1
503 95
5490 5122
2505 2
205 3717
3184 0
1239 0
1152 4
2050 46
773 4
2832 4
820 33
2080 3021
95 23
6038 1896
6329 783
3934 4
515 610
3943 334
1339 820
3468 0
739 0
3451 3416
5938 2875
1114 508
763 134
122 2
3900 3
1393 3
843 46
2 450
1569 0
2666 3
1185 287
1630 1659
3989 723
6024 4
13 194
3846 3048
3249 0
17 1644
6 3056
3255 5266
995 729
838 1
3244 396
4849 2784
163 267
2307 875
352 2188
221 1
1270 4
241 3395
1877 4973
4865 141
2498 117
528 450
619 3
1890 0
415 246
1782 18
715 564
770 3
6 977
153 3
1074 117
2096 568
2014 2445
2261 466
2759 2787
3817 1
1862 117
135 4
304 0
3866 996
581 2304
182 33
736 3
371 2772
4048 106
286 3
1653 1
533 2
3049 2761
1583 298
3765 3
2076 239
3565 29
30 4
710 1434
5667 4
6 29
3916 0
4593 1
4732 20
403 3
650 0
33 2
512 33
1940 1655
3697 0
100 46
2577 1
6602 4859
6431 3
9 122
1481 1396
2838 91
3302 540
237 4
1030 1
166 0
5803 0
133 217
3881 107
28 33
1461 395
2781 3
2093 1
2348 194
5 287
9 852
72 2796
1647 121
85 33
3796 1
1835 3
2050 852
843 125
4 217
1218 3
2920 1276
955 3572
181 2747
3876 8
4368 3
583 4
1616 1
786 294
5634 675
5153 4542
64 2
1598 0
400 4
5836 1696
1820 10
6124 0
6637 80
3278 0
1317 0
6244 246
453 1
5503 42
25 266
2459 512
14 3434
5473 3
2298 1268
2997 0
12 0
3093 117
2158 4
70 266
1283 1
3229 373
2313 75
851 3
472 3404
3665 1815
1207 742
2963 1
6209 107
2181 68
3642 1
817 0
106 89
2161 2
2341 270
2640 33
5610 78
3522 131
1363 13
189 910
632 1
3695 4
3608 0
689 78
4918 1
157 464
68 29
5350 4
6262 3
0 277
367 3
1453 4
3343 0
811 1379
512 368
712 8
1500 33
346 266
148 4
1400 117
2294 0
333 0
1419 13
2170 18
2650 280
6084 8
1234 4
299 1
484 3
6190 41
366 43
114 0
3323 160
26 942
4200 217
1385 1
66 447
4067 33
6630 99
4215 3
1968 0
1129 4
100 194
2940 839
4318 280
416 1
1543 3
1285 287
1950 3
1333 3
2670 3355
1518 1
1580 4
32 1701
398 0
4575 280
493 894
645 1
6035 0
260 33
4332 3
6022 782
2174 1
692 44
5665 3
5850 1
674 6367
934 33
921 838
65 8
4703 173
179 0
3411 1
6657 1
3340 3
3967 28
4012 3041
1265 0
843 3034
795 75
3772 141
5366 1
13 10
4246 0
6376 4
764 4100
3528 1
245 33
3960 4
966 3
1079 1044
1948 1679
4494 2662
24 908
2239 3
278 1
596 4
3510 0
5915 3
818 10
5051 0
6043 246
1672 13
2237 574
130 8
476 138
4363 2
4681 3
5858 203
2205 0
500 0
249 768
6396 684
466 3
2979 3766
1984 13
1306 41
25 0
2393 2
234 246
439 837
116 246
776 983
7 1
4533 1
176 3
256 107
1397 266
846 0
4078 3
465 91
2341 4
3390 1
399 280
661 117
475 910
1676 0
3637 0
2773 1
394 184
765 33
3077 89
1466 4
4784 3911
100 384
1025 3
1428 184
238 18
352 3149
3661 1456
5544 852
4351 534
1078 8
2273 1
275 117
2454 62
5965 1
243 553
9 33
2943 4
1263 117
5130 4600
2956 107
482 290
726 1
1812 4
3334 1872
2838 3
3635 223
2948 967
2775 2384
706 117
5897 3
3366 565
2176 908
6082 1
5612 1924
1586 1276
496 89
4 2
703 384
4758 766
411 0
981 46
1517 44
51 41
1778 0
531 243
3430 203
226 1
4702 75
3202 0
5879 3
4820 18
23 4
3188 5165
1149 658
728 114
2391 10
1208 188
13 46
4354 18
70 33
624 3
3410 46
5845 0
5922 1087
1052 117
2736 1
23 117
2471 3
4876 2
828 4
6486 84
2594 18
6544 4194
1693 1345
1981 33
4913 3
200 1501
2846 2608
5345 0
4225 1
908 3
3568 3056
3248 138
3523 0
5327 1
965 207
257 0
5910 0
25 28
1738 8
72 1
6319 3
495 1
408 3
4670 1362
54 0
3286 3
4983 3141
2598 1
1140 0
3745 18
5924 2166
797 345
674 4
158 141
17 783
1409 95
1499 1655
1723 3
1912 72
3403 3
893 353
1689 0
56 194
4763 4803
1495 4
13 684
2501 68
68 553
17 553
569 4
821 117
204 89
497 33
5 24
298 18
491 3542
2151 4
3210 4431
5968 471
3220 1321
3515 683
473 8
3520 3
773 3
2862 54
4455 681
1755 33
5618 803
1205 0
584 598
2396 92
1603 117
2453 3
1841 568
6387 0
1499 668
14 8
1356 3
75 42
3468 1
273 3
458 1
1271 33
1130 1463
2595 4
3937 1
14 298
326 8
1288 1
3556 1925
5357 3833
724 395
1720 4
3681 4
197 501
255 3
4600 64
1526 0
406 3
120 766
1773 1
4190 1345
302 80
5204 3
3885 3
265 2613
1857 46
1341 117
150 4
3117 1662
86 1898
804 1
4121 3
1051 0
187 1
5520 2309
302 3890
965 18
1890 1
6233 0
153 2
1610 384
4704 3
712 783
31 33
3570 1
6020 5664
1856 0
3690 2250
6215 1
6551 3
6409 574
0 266
6004 46
903 2
1221 3
1738 447
176 203
286 0
1021 125
10 4871
533 1
1582 4
4220 3
873 62
5738 1
390 2326
624 1140
2213 1
1195 633
1931 141
205 33
1917 892
6 18
869 10
1955 3
67 0
4647 3067
3299 1
1034 280
763 6635
650 1
716 258
4488 3
2330 1
703 4
85 349
5244 47
1471 3
3679 0
1718 0
1320 1923
3317 207
949 309
237 3
3398 0
598 4
14 117
472 172
2673 4305
132 0
2627 1240
27 250
565 374
917 3497
1222 568
6585 1
742 1462
2220 3048
2898 0
5319 3
2550 1335
3145 1
151 10
1731 2166
4039 1583
3810 277
3852 18
919 1
6109 1390
64 3
600 117
2176 1
487 3
1598 1
4782 10
734 0
4510 2069
2005 1
4 399
2685 42
231 62
2661 1
6090 0
116 334
1758 474
12 1
1033 553
2812 2
4278 71
4083 3
6317 883
5424 345
234 0
163 4
5800 4
25 43
2593 3
4787 4848
1064 0
2161 1
1023 401
1216 203
3608 1
2334 1522
799 0
2744 0
2814 1362
182 2
1453 3
2683 117
7 173
5390 783
2879 1335
2109 3
5785 3
5970 1
580 0
660 4720
640 213
2036 3
0 52
23 3612
2146 8
6001 925
299 0
6530 0
1888 10
2786 88
57 54
98 1690
4246 4596
2181 2372
2046 207
2226 3
2670 574
6457 2917
15 501
2711 8
935 4
95 827
665 544
3251 47
9 4
1367 1
4613 1
86 42
1543 2
4003 2725
5499 246
2021 4
3911 0
1950 0
5 80
5699 1
2600 42
911 92
716 4
4161 499
830 4
6222 8
3669 943
146 185
1855 18
79 629
513 3919
2140 1
179 3
145 119
2476 3
164 3197
155 58
1809 1395
4573 8
765 787
5551 3
1859 2753
2699 29
259 8
1312 80
4317 3
175 164
9 2821
2519 44
3245 10
3121 4
296 3
3502 2143
410 23
1830 1
3349 28
6173 0
163 373
1213 1
701 2561
3643 8
1796 0
1320 217
6395 1
6 636
562 4
2315 579
818 154
5017 0
2018 3
59 2
524 72
2427 0
1316 508
901 4522
4999 1
2825 3
5749 3
6512 1
4567 3
3257 0
5484 4612
142 1390
324 117
1559 1
0 323
2654 1924
1151 5696
864 2
1070 54
2976 0
7 0
6115 1334
3239 1
72 117
73 668
661 3
461 29
5158 1240
5619 0
4672 1847
860 357
6399 18
812 0
9 501
82 741
1059 1
5198 68
5677 89
3191 46
4838 631
2146 44
2739 1
778 3
3346 107
2924 3
4333 117
161 3
5513 6689
346 1
3578 0
593 0
1309 330
2458 3
4447 2
1176 1
3764 164
497 4
744 3
339 1321
251 117
17 733
640 334
203 246
734 1174
2255 1
5945 44
4976 373
3773 3
142 119
3085 1
2049 5112
683 817
5675 4
5746 0
598 76
621 101
731 557
3924 0
75 1
4 3
1826 280
411 3
1778 1
6225 2949
408 2663
1013 380
3273 3
5838 1522
6055 1990
6044 117
2968 183
179 6560
761 380
192 1
155 183
2029 33
6439 3
2248 237
13 45
4981 0
624 4
3600 3
791 2
2043 141
3528 62
4167 741
5564 1
174 0
3653 2
37 264
6220 1
211 125
1260 0
85 1201
1649 368
4889 41
804 125
2691 1240
5706 8
538 1
6471 33
1626 544
2117 908
895 269
1752 2722
2218 1
2845 164
760 0
6469 3388
216 2826
1060 29
1960 3
27 2753
72 2
3304 1
495 0
2369 4
408 4
888 164
2593 164
11 97
54 1
148 78
3286 0
461 1
9 384
2820 4
1195 540
6218 117
4438 18
5046 733
10 58
3684 2
394 349
2564 1
259 857
1035 4
242 3
313 107
1220 8
13 2670
2132 3
393 3
4240 761
3032 384
1478 1455
5512 2691
1671 0
3801 4
976 3
1461 4
2487 1
3598 3
1893 1
812 1276
15 1591
3573 1
57 953
1271 258
3323 2314
924 1
1242 4
4426 1
24 4769
142 194
492 3
4733 1264
437 910
1825 3
26 603
4112 368
122 0
582 1376
1952 138
1425 270
5494 0
5987 5260
1052 43
424 1
165 2289
390 1002
5028 4
84 43
9 4145
1032 7
3980 395
13 4841
406 0
2614 3
1702 4
122 341
4155 1
1046 568
3270 3046
4525 1763
1492 0
1994 334
804 2
4036 1
2 4
187 0
6009 4
841 3
770 1
56 1177
955 7
1487 188
153 1
525 297
250 723
2113 2485
992 0
1255 1
1168 3
9 1974
3850 47
1153 1925
2935 1
1528 33
13 3083
2247 3
286 1
3668 1177
3765 1
6583 258
2351 33
689 258
0 41
830 2553
3288 384
95 544
2026 2
13 2561
5808 80
3052 1
67 3
6298 1
6369 3
723 4688
4671 4
5704 1
0 216
4840 0
5203 1411
5633 5596
33 0
622 194
551 194
5301 46
1135 0
15 1
581 2771
1048 4
5853 1526
2151 43
102 1073
2370 910
161 3009
1222 1200
72 1252
659 18
5 396
2349 4
136 117
1367 1858
5371 4
71 127
1315 5843
4218 80
5304 203
452 1382
1033 3
1218 1
354 0
6383 75
3330 3
175 18
819 246
216 33
87 870
6116 4417
1473 117
2115 505
75 5291
9 564
1976 28
2281 1
1854 29
74 18
919 0
776 274
2756 118
2 5442
64 4
1919 633
6382 0
13 117
624 76
4468 45
147 3347
394 4625
1733 997
3289 1938
1934 4
1298 2670
2229 3
2590 4
1132 3
1017 508
12 2
1283 3
419 0
2627 1
4676 2756
49 3
2671 200
2963 3
234 1
5498 1355
1877 280
1437 1403
1644 117
2094 1373
3287 18
4660 4195
5421 3
324 18
5606 1
200 0
6447 0
4486 0
632 3
3470 353
799 3
3176 4
4291 505
0 3919
1381 1355
1989 80
1209 742
285 266
485 114
712 10
51 1176
1021 0
2426 3775
2726 0
5049 4973
812 29
82 766
302 1079
580 1
2503 270
987 1
9 5460
5538 114
299 3
3531 0
5072 0
252 33
731 4
1817 1
5335 1
5977 1883
2226 0
148 4951
265 0
6406 1835
4437 3
1184 753
1918 266
1367 0
393 164
1614 3
416 3
4707 1617
1072 422
2552 29
6293 0
1333 1
4835 1
469 2
6590 1602
2677 3
2606 1
3085 28
4147 3
4554 3
520 2179
682 4
4203 232
5 369
27 217
4028 3
250 2
102 3171
1208 68
179 2
6282 117
1785 846
1450 1
2547 0
4351 1
1811 8
2120 46
178 246
296 117
2093 261
98 33
1679 1
6204 6390
1848 3
13 8
3687 28
1247 3
491 18
3490 4536
383 0
274 564
3722 1248
2186 8
1692 35
2822 117
5986 3
14 573
79 89
596 117
747 3
1490 4945
2104 239
3794 4
5264 0
0 1866
443 2526
281 3
2390 117
2103 1092
14 863
3945 1
5596 3888
6110 450
5749 2
3699 46
29 598
1296 1
2100 10
432 0
695 1
5873 1082
4197 1
864 3
5246 4
7 3
1738 101
195 227
394 68
1534 0
4780 0
1781 1
37 1228
367 33
44 4
4570 4
23 6170
323 71
3554 1701
493 395
1254 18
4314 1
195 1
3958 1390
697 1563
1713 3
978 1404
2492 1
1025 1
161 2
4712 3
2605 1495
6284 52
661 341
4219 117
1695 4
3143 91
1803 2754
2705 1
312 1
3375 4
3544 0
575 0
2369 532
1977 336
217 900
5405 200
4107 1247
1158 1
720 29
480 1362
1917 246
5931 0
178 553
2909 3
3156 4
2895 80
1488 18
3085 0
1380 0
4 125
200 2585
1470 134
914 4
75 0
6306 0
848 768
482 2
778 983
210 1045
2035 1345
5367 184
658 1
41 1
6385 394
122 92
583 57
711 4
880 0
6632 125
130 345
1143 1
762 44
4132 62
5881 489
2391 4
1479 3
1726 0
5228 0
2661 358
5786 2432
5 1260
1787 18
5912 783
2834 752
174 1
1317 117
5811 3
3653 1
477 80
4308 2202
3863 1886
3036 3409
5530 1
13 270
3001 18
310 368
2 33
572 3
4601 557
179 4482
124 922
220 101
2 976
1008 1553
1879 1253
1967 237
1853 4637
759 4425
35 8
1091 787
760 1
966 2821
1960 4
5478 4
72 3
495 3
1608 1558
3471 0
6132 1
176 33
2013 1
3718 3
1358 334
3484 141
3286 1
4256 968
668 774
2422 0
1572 0
390 4
5106 502
5937 134
566 109
0 78
6 52
51 2457
427 1
214 331
2564 2
1709 42
234 3056
2503 615
5614 0
189 632
1257 4
2350 46
228 450
1367 91
3616 1
807 0
3655 928
6270 0
5947 1592
622 1
3099 42
53 266
879 1938
5708 267
773 1
54 2305
2812 1511
136 90
6572 1
588 0
38 33
498 1390
1859 1
3132 1
2268 0
3307 237
4275 223
961 3
2537 33
122 1
781 280
2851 3
3016 3766
273 1
118 125
136 263
2817 0
88 0
89 361
17 4
6155 358
5 1215
350 384
23 42
687 3
1389 357
13 80
70 3
477 3
406 1
4188 473
3147 1331
5893 6621
838 4
208 1891
1492 1
3254 80
1972 267
2427 237
5241 0
5388 75
2128 78
182 2751
187 3
2148 1
3419 0
1458 0
2555 1
619 4
55 8
2114 0
153 0
3385 1
6569 4
4942 3
3282 395
992 1
1011 287
5525 0
210 194
2065 349
304 3
4686 4
175 768
4742 1002
567 2
789 4
1838 1
6252 4
974 0
3460 2527
394 28
3887 684
5059 3
519 44
606 2787
1666 33
4689 2
161 232
0 42
570 4
3731 1
1470 1511
0 217
660 117
1395 80
5672 544
5007 1
828 6594
1391 4
2401 1
1010 33
1567 1
1182 33
1736 3
5287 78
2523 2382
3071 4
15 0
2892 953
148 1355
55 771
854 1
4045 852
5627 0
237 1
1030 4
4507 1
5874 3
393 361
5186 1
1252 3
3503 4041
3859 1421
65 33
2500 0
85 46
1906 0
621 44
6249 1
7 4890
6305 1815
6545 768
3330 0
363 213
3339 338
4217 8
6034 117
1569 33
320 0
1297 806
2499 89
583 1
31 1390
1485 2513
1237 4
3127 0
281 1455
302 3
2141 1177
4483 2864
559 3728
3463 2
5 976
282 119
9 2761
2360 207
5571 766
1076 4509
5903 523
4040 18
5189 5019
1971 0
83 1
12 3
1601 3
1786 1
2113 922
2541 5849
4504 2
5433 3855
6629 795
4767 3
385 0
1752 0
2075 450
5496 5194
6272 1954
1016 52
0 1933
4609 18
3314 92
5 4513
253 4
5572 1
182 0
167 852
3414 3
799 1639
3111 33
718 97
6564 3
2478 334
101 33
265 1829
4334 41
3261 261
11 3053
1282 282
0 54
2692 0
3072 622
1058 309
617 3
546 1
2469 282
953 1
238 117
3963 4
1632 1
3497 0
4869 4
296 2423
697 4
589 46
1174 630
1179 1176
1799 1
3730 46
6327 2
363 629
416 4
3270 5686
901 3
4588 1
66 92
3294 0
2009 6143
1809 2794
469 1
5884 29
6246 33
0 626
136 18
1975 1370
28 0
85 2477
142 8
531 107
3692 2
2489 1904
6478 4636
1114 0
4479 78
1295 117
142 1639
250 3
1043 4
2979 1
5511 1177
6701 164
401 3
3658 1
2384 3065
1489 2256
4010 1110
4065 1
4264 4
4608 4417
130 2974
4699 1420
98 5165
13 7
198 13
2072 1
3822 1110
1901 1
235 8
2125 4
695 1384
278 4
2736 2011
4812 1355
747 117
640 1321
4249 3
932 1
3140 0
5343 1382
315 1
2309 2442
5485 684
83 29
1833 3
6263 8
2930 4
2018 1
311 117
4400 0
1574 282
289 543
187 184
1061 270
6344 5736
662 1639
695 0
515 422
3357 35
3927 1
28 6156
1349 3
3239 3
485 4
1534 1
286 207
414 0
713 353
2 1394
661 1
1710 4
5434 2
1681 258
82 336
779 122
889 544
2958 1
4429 2578
4746 0
1747 1
81 8
134 18
10 4
3738 1268
195 0
0 18
5008 2754
720 353
242 29
512 125
161 1
1745 753
1908 91
3104 91
2529 3
4262 0
929 4
6502 121
4360 8
5 33
2667 178
982 3
2856 3
1465 43
2340 188
313 2756
365 3
3337 596
294 1
612 4
189 309
5067 0
6242 909
782 282
142 117
4571 2661
203 121
3179 172
4626 1
6061 1121
4283 622
5776 1503
640 622
75 3
3122 4
3559 89
27 164
6135 1
3026 0
5447 3
2955 4
5 741
5694 0
5755 18
303 896
880 1
1453 2982
1143 0
23 1
9 627
1541 3
2567 0
2736 4
611 768
396 4
2542 0
1692 0
957 357
1482 4
767 18
3372 0
6556 29
5 1421
1625 76
794 2
6404 89
2138 4
4728 1
609 1
4895 1
22 404
4880 358
153 43
6152 1
2838 954
179 763
5981 1
1624 3
3063 117
1164 94
633 6677
11 18
2047 3
6205 4
72 4
57 1712
310 2
3454 3361
5340 62
68 80
3722 207
2422 1
4864 8
5913 3
6098 1
1979 1
1341 756
2935 349
1967 544
498 4
5398 548
72 369
1945 2
57 3
2697 2202
1513 0
5453 44
393 1
4944 4
2601 2
39 4
2511 107
208 0
137 4
1408 3
87 280
2927 1039
308 91
1054 0
27 501
566 3190
1115 18
3710 4265
4872 95
2805 4
844 4
57 846
2734 0
773 0
2196 5288
3598 1
4042 183
4603 1355
5546 3
588 1
1674 4
1859 0
3169 3
6083 598
5199 3897
2234 0
273 0
4469 28
61 97
2314 184
1261 8
88 1
454 80
4 263
5594 4823
70 0
512 1362
1341 1
3625 1310
1458 223
231 23
5426 0
914 557
4616 766
4234 353
187 2
2997 89
4103 1
3236 1262
153 7
4079 28
176 992
103 319
1856 3
5407 94
862 568
1255 3
5238 630
638 3
3536 3
598 2746
0 269
974 1
5562 4
2062 3
1406 4
5994 3
2911 42
5306 1
6147 0
2830 4
1187 1
1372 3
3407 1802
5035 29
906 3
5091 258
949 239
289 3
399 194
474 1
788 35
6127 3
182 2074
2471 1916
440 0
703 1
13 3041
872 3
1846 89
104 173
4205 1
15 3
5632 78
3247 0
1286 0
6678 4
616 8
4314 395
1333 43
2121 18
2899 4663
3901 3
5127 561
237 0
667 2525
1451 80
2132 1434
1621 3092
4807 117
1139 5084
27 334
1074 6296
1921 336
820 1
142 45
203 1
132 3
1721 3
1033 1
1470 46
6007 2
3833 0
933 64
1801 4
779 806
27 29
11 1456
320 1
583 0
2736 125
1771 1443
593 820
1237 3
98 394
3787 544
5545 976
302 0
6010 4
5967 3950
1071 140
1113 446
5754 1
1587 4858
4517 908
1023 47
1971 3
57 2772
4353 0
179 1345
5649 4
6197 341
49 1
37 544
6436 1666
405 76
79 357
1131 76
122 1260
27 1526
2050 4846
2593 0
6113 64
2341 266
200 2
24 368
25 217
4737 68
419 5493
870 3
3040 2630
3608 4
3827 184
6297 621
5148 846
513 188
253 3
1339 8
4031 2
1453 0
5640 654
161 2102
4757 250
2909 712
5609 3
148 0
3286 78
4856 4451
2464 1477
580 3
4832 3976
4034 4
6194 1
2075 1
5504 0
6601 1
5895 76
285 42
855 8
3427 117
147 185
238 122
181 2309
4059 3396
4471 0
512 1
142 892
657 1064
6398 3
497 29
6 287
302 646
1614 1
750 0
1674 2774
5267 1
192 636
504 1342
4688 336
4969 1045
2264 4347
294 117
28 1
85 80
4554 1
4801 0
435 1
1546 3
92 4491
1114 1
1081 184
4777 4035
179 4
142 184
5452 368
1935 4
3094 10
2945 1
2784 23
3211 2590
518 966
85 1495
815 0
2760 0
4120 1176
2573 3570
4091 1477
2495 0
5038 5867
3960 8
2765 5946
5369 1
268 43
1796 3
14 515
4212 8
1468 76
5325 2794
130 4
1179 3
1694 742
35 4952
2276 0
5181 338
6186 43
6137 4
6206 46
898 1
281 1
897 4583
102 91
233 280
951 4
2041 80
96 0
4382 0
1296 3
695 3
3840 4
3215 132
6309 1
7 125
485 3
2375 3
3461 4
2874 686
2622 0
661 0
1145 357
3893 1
304 1655
3708 0
1103 164
5227 568
6017 0
2546 766
4129 1
6 78
693 2164
27 1121
195 3
2413 622
5534 73
830 2487
3195 44
6251 28
5305 135
522 184
5144 3
27 1054
3531 46
5 4663
2051 4
2468 20
85 5208
163 718
4087 237
5814 0
106 4293
57 2347
422 361
6696 78
4262 1
151 4194
84 4860
761 852
119 134
2856 4
1229 1
365 2
3588 4
216 334
15 232
4450 3
3322 234
6167 4577
260 1
818 535
2653 28
75 2
368 8
4060 451
482 0
1332 92
2107 5425
2537 75
3333 1345
1893 349
3026 1
2828 783
3273 0
2315 164
2943 1896
1575 1
550 384
3856 1
4988 852
23 0
3842 44
3255 1
13 42
1374 237
622 534
1273 2122
862 1
1948 4
3714 18
64 78
5169 2432
525 207
487 68
549 217
74 187
1692 1
828 0
278 33
140 2
55 177
1914 0
794 3
1843 4
3732 353
3778 1763
14 910
3338 0
609 0
54 1439
81 943
2721 2
5064 4
3000 71
15 852
5790 1091
328 0
927 3
4676 0
2632 897
964 4
54 4
1396 7
3288 568
4210 1
5373 18
4361 1
182 2188
2388 1
427 3
3474 4
6351 188
674 0
4176 0
57 2
2131 353
403 1982
228 125
1888 3041
161 44
5608 44
208 1
6455 3
4031 3190
3440 0
1594 395
566 2792
4008 2034
1742 3
15 46
6125 394
76 8
5 4
5580 1
190 0
66 18
2768 1000
2050 43
4963 1
4892 3
0 908
6368 3762
6236 1
2117 1
5793 1
588 2
1 1302
810 4
95 18
1859 3
2915 684
5643 515
85 8
13 795
3132 3
57 1371
1963 97
2239 4055
3786 0
1825 0
5637 33
2922 3
5023 2482
532 568
734 270
5997 3
3505 0
106 5644
5103 1372
601 91
1622 0
3142 334
1346 263
5892 0
3734 2
3383 80
17 1639
909 3
70 1
5707 3
1341 0
5537 1295
477 1
3400 8
2893 117
3305 141
5673 0
1061 18
1005 1104
1635 117
179 568
1122 0
2987 1
2 3
5824 3
409 3
301 117
1667 334
3666 1
1983 1064
2346 42
367 276
4349 42
17 1443
3632 0
4866 2102
4216 353
4325 1
1487 46
0 3319
7 52
6622 1
1297 422
72 33
1909 1
6332 5975
5155 1
3931 141
2309 2164
172 4
286 4
2173 2671
915 596
1804 2
4452 3911
6 135
1258 4
2702 80
3148 0
1187 0
2838 2252
901 5906
0 44
570 2
1841 3
523 184
286 3698
67 4
1153 1
4294 5776
5586 929
1048 361
1894 8
2682 1
189 553
3953 0
9 131
487 1284
3750 3703
661 395
440 1
4205 0
5497 784
1044 76
6264 8
2505 33
15 2
1286 1
2199 2057
175 2172
1859 4759
4052 1
203 0
6434 0
480 1675
4957 952
6097 1015
1152 259
786 1
1033 0
169 1
668 125
118 44
1313 368
2281 117
2 4939
3401 2
5926 5281
6169 966
6356 5736
3590 1295
2519 4
583 3
3552 1
3538 44
990 3
1237 2
228 1818
302 1
5075 0
1971 2241
5322 3
5 990
2300 4
1388 1
268 0
3001 223
5762 1675
5041 1
2007 1140
443 42
5590 4871
104 1394
687 263
1354 0
4467 97
490 3
1914 1900
236 547
49 0
163 8
1074 18
888 1
5307 8
525 330
702 4390
408 3688
438 13
507 4665
2396 2787
3846 3
2679 76
2550 0
1700 0
50 652
1687 266
4823 1852
283 4857
148 1
591 287
1293 5722
3380 0
6323 817
3627 1
3157 5802
4173 2663
3812 3
3462 1526
6555 450
0 8
1049 3
2146 4
1850 5080
100 489
299 4
617 1
2914 1
6160 1
1200 0
3744 1
440 29
5 203
3967 1331
9 8
318 2
3726 0
2862 3
901 1
5 92
4243 2172
5533 349
5489 1
28 2
321 8
2396 0
3896 3041
1232 46
6072 0
402 203
3621 8
65 3
265 705
250 1
484 3539
431 52
2908 107
3424 282
5647 3
2362 3
4146 71
2479 6539
2172 686
47 4
1080 1
2246 3473
216 0
70 943
145 4
1503 1
3762 33
4749 1
873 6529
6419 422
249 184
4047 0
2072 3
5764 3
1109 107
667 8
406 92
104 1200
966 4
127 8
596 1
9 1335
55 172
2077 80
6546 1
4099 515
2474 44
3877 1240
6 515
938 1295
281 0
1648 0
6077 663
582 214
1853 207
4382 1
4629 0
68 239
3261 724
917 4
3720 6492
4604 0
3475 42
3348 804
0 502
3615 678
5501 71
5690 334
4163 3
3029 1
2351 117
1278 8
4628 1675
513 8
351 1662
439 614
4129 0
9 505
10 2
5454 246
6389 20
0 20
224 626
849 1
1699 117
3059 2779
4111 1
4386 512
2961 3
1432 0
536 117
4950 0
648 623
5554 3575
1864 3
265 33
1000 2
413 361
2273 4
1414 3
797 3
982 1
1044 4
750 29
365 1
848 229
3478 5622
4336 8
1859 4830
6279 18
1487 1501
1380 3
3877 33
668 135
763 3
3739 0
3535 109
914 3
4160 4
4645 3
279 4
1312 1
2977 450
5718 2484
216 28
711 1
2095 2624
23 3
321 679
430 3
303 883
1062 44
6067 1
6686 4
5375 508
662 3458
2592 1082
4515 0
174 4
1445 13
880 225
1502 1898
828 1
187 395
211 1
1539 753
2337 62
140 3
234 1954
1668 43
1825 5524
6322 621
1729 3
0 1210
1108 184
4221 489
4174 33
1880 0
2721 1
966 3269
27 512
4278 3
2649 2067
3560 0
760 4
1245 3
6347 5621
3135 3
381 4
310 0
3024 2161
1606 4
2861 795
6195 1925
258 534
495 125
6 152
1258 33
1534 2526
1643 1
30 18
4135 125
6208 8
3627 4752
57 400
3323 1
3252 3
5178 33
580 68
67 43
251 838
674 1
2065 33
57 1
381 5136
2354 1
513 2658
175 1197
933 645
1343 334
3324 540
3825 33
2583 1
1034 1815
5 3
190 1
815 534
941 823
1532 4
5827 3
1079 753
948 117
175 1411
1664 101
2832 122
2117 0
1516 528
6643 0
15 207
1447 194
57 957
167 384
136 44
5004 5664
6248 2091
507 2713
265 2172
3354 2
273 117
716 223
5944 3
919 282
2922 0
6353 4
1171 117
3810 4071
4502 89
2951 33
98 117
5062 1
6150 3
439 294
1622 1
758 0
27 928
2029 1
3734 3
24 2694
477 0
979 194
2536 8
4994 3
1857 33
443 1
3700 3
4687 35
3537 33
367 2506
733 480
4359 4
2 0
187 4
2332 347
5118 101
176 787
5810 107
2602 361
287 33
2802 1
254 44
4211 4851
310 125
1070 3
2314 1248
206 2
1202 395
742 80
6444 3062
3091 1576
638 1
1724 4
2503 0
2622 78
475 47
6 2497
7 68
712 18
604 0
1875 1
3133 5830
138 4
1187 3
2284 0
323 0
3610 3354
0 45
4395 508
5 2072
6365 450
906 1
926 68
3114 0
5569 576
77 5450
163 568
57 29
1770 11
1992 1
2833 0
104 0
33 4
2696 264
703 3
693 3917
86 3
15 13
5652 3
242 261
422 1
210 3667
1508 1
1950 184
891 1
1138 2
203 3
3729 33
1360 2364
5840 1
1474 0
1134 46
5575 3
5360 1610
123 729
2123 1865
57 1511
0 1318
1565 33
151 1
1259 568
2704 334
2853 1379
2432 1
3923 117
1232 752
4236 0
1237 1
5075 3
2 194
899 80
5379 91
1331 117
1388 2
1881 5131
452 806
3500 0
515 0
2 117
2042 3
3144 42
3315 3
5720 2
6613 18
1107 331
24 596
2790 627
12 141
1320 0
6052 80
3453 258
7 394
3628 42
7 1718
2321 827
31 0
3000 0
2765 768
0 380
6394 18
970 3012
685 3
430 614
604 117
253 1
4523 1
1694 1092
33 341
4267 4
1875 29
4058 29
102 761
6265 1
370 1
1885 1553
617 0
3346 0
4761 543
4526 2329
0 184
110 71
4828 1205
1069 5341
265 4
599 1
1632 4
5918 4
512 3
1489 101
61 626
1182 0
3473 28
318 3
873 968
4427 41
2504 309
5955 1
6140 3
1088 1105
0 966
2933 4
5248 1553
901 0
2283 1583
175 3951
14 171
56 477
897 2445
99 1
28 3
3260 2
2396 1
1104 90
6212 99
1112 2849
2643 0
1017 1015
65 2
3226 1
416 852
970 263
2362 0
401 0
3445 187
3537 540
4340 899
3448 0
733 1840
9 5703
3624 3
1133 3
4905 258
13 4
3306 117
5432 621
5 928
1739 239
321 587
6651 1
98 287
596 2
9 1334
818 4
103 18
1250 3
633 3
3875 1828
142 1105
969 1
4231 1
1213 2046
2057 3
1648 1
6442 334
749 1042
5070 0
25 10
304 127
68 232
917 3
6418 358
888 141
390 397
1060 117
2193 237
858 557
2744 33
6703 1583
54 62
57 266
1716 3888
2143 97
385 259
828 529
1677 194
3029 0
44 0
2958 4
4817 1
287 684
955 2762
1069 18
883 3
5302 8
2995 1
10 3
3973 8
5514 8
417 3
518 171
595 612
4111 0
228 91
6241 4
470 8
678 557
0 132
399 4
4765 3
427 199
835 194
1000 3
5126 4
82 2348
2088 1
143 3
1485 4
934 266
3375 0
5780 1
6619 2156
2511 1
5 46
4916 0
5163 1
576 6597
1887 953
180 4
6303 10
3341 1
1091 34
1048 4648
1115 184
1812 2
4066 8
0 2917
6562 3
1185 42
5601 1002
75 4
4 8
4679 1
1645 665
27 185
3529 3
1957 621
1535 1197
1658 1764
3023 297
1750 188
4578 5223
2656 0
216 29
4487 315
3856 3
23 2
316 8
430 0
876 80
235 88
1943 428
1960 1873
2874 42
95 508
14 3082
3221 0
302 62
106 967
640 1433
4050 88
4762 0
4468 97
4947 4
1692 3
5375 76
2733 2130
26 4
406 232
211 0
4724 338
70 1553
13 266
4129 4318
1 450
2755 3
794 1
10 528
1041 0
2138 3
1942 334
970 846
81 2297
3883 806
1279 1
106 8
5549 1
591 3
1048 5435
3361 80
2703 1
2196 2973
3736 4
874 117
1117 215
50 627
1724 97
381 3
1 29
310 1
628 4
2271 3
2062 42
671 8
2654 448
3228 279
1396 1
5110 1039
2203 400
9 395
119 544
4885 1439
234 2778
2243 2727
430 1289
34 78
3323 0
1362 0
367 182
4391 4718
498 3
6074 117
1151 1362
745 2
14 1575
15 266
3906 1
4522 18
57 0
2971 4
2717 568
4512 4
253 3172
2412 264
640 1
782 1916
4158 1
3872 0
6617 3153
4057 4
5212 5027
1557 3
6 3213
2937 8
5 2
904 357
4662 512
5523 52
6515 223
2373 4
412 4
3703 944
6668 1
3969 5100
3598 4
2314 2182
1313 8
1794 1197
156 1
2103 44
2306 334
1109 2194
3036 106
14 18
5280 45
5001 540
130 535
95 173
98 131
2922 1
1939 10
3169 0
782 23
6063 261
513 5082
2888 0
2338 33
2817 4
4614 1251
2988 43
4108 80
1915 8
2348 394
723 1002
316 44
13 76
28 2212
6073 1247
1399 264
4938 274
3809 178
1995 1
3268 1
258 4
1307 3
443 0
157 818
581 298
2580 3
1961 2
861 42
2 1
4528 1
885 164
1661 1335
687 466
6062 3
381 6393
4988 4282
4285 943
12 2006
55 4
1088 1
5929 334
153 4
1511 1
3276 282
4068 270
3137 612
6465 943
77 349
1070 0
760 33
1436 1018
3860 18
3851 3545
430 587
2929 18
3371 71
2473 52
4021 1
6 234
436 3188
1165 357
3008 6154
0 447
3042 450
580 42
1083 85
0 46
570 0
2435 1
755 4
3802 3
5096 0
6121 18
6607 4
114 23
104 1
14 1970
4015 298
440 3
6217 43
351 343
9 18
86 0
2728 122
76 46
4171 3
1940 0
1011 3542
260 52
388 1
321 34
1209 107
3551 1576
3867 1
3763 80
5 280
1474 1
2315 0
2336 1297
3682 0
1829 4637
2003 2578
3401 0
122 33
5205 1
1872 3
17 75
6524 8
1271 3
151 0
1237 0
3732 5021
865 1925
1820 1
1203 1
27 828
4387 4
818 97
5401 1718
3818 4
1385 771
5996 3609
3808 18
3068 3
4907 2870
2384 184
851 8
743 46
1407 7
1099 990
287 4
4838 1
456 0
2623 80
1070 173
258 266
719 1
888 3
3864 2
31 3
4873 568
3263 0
2037 45
4528 2599
3008 540
438 3
4989 28
68 4
1923 468
253 0
5251 3976
182 4
37 783
6660 3
153 258
428 380
3258 627
4338 1
964 1802
219 1
6091 900
148 3
542 183
2887 18
5168 1
802 0
1049 1
3417 3
2482 0
2885 1321
4903 3
6180 78
3088 1276
104 125
4427 91
512 4
3835 194
2434 46
882 52
1286 80
2880 2
6093 33
133 4
5955 0
5352 107
237 80
79 2561
2933 3
4 1015
2682 261
3785 1214
6364 1
5236 741
1725 1818
948 46
0 630
3378 99
3948 1
6330 0
14 91
753 3
3142 91
5579 18
65 1
1919 1153
5718 3
1008 223
5502 1390
6245 117
1503 3
1750 0
583 2485
1133 2
13 3
6335 68
3245 4
1032 117
439 361
2310 3
3677 1
3528 8
5221 928
6134 29
302 35
50 8
1028 1
164 0
130 400
1435 1
26 33
995 534
1241 210
582 42
2708 1
243 4430
130 3
278 2727
704 164
5783 1
10 637
5952 3
2541 97
419 35
2282 783
12 178
5132 4
1730 568
96 3
7 489
5900 1
44 5358
2413 184
2214 43
2037 1
367 447
2076 8
2261 4
582 502
2052 33
4580 107
6541 107
1932 2
5063 622
44 1
451 1
1619 78
4230 373
0 1675
1969 3
1130 1
4420 515
2995 0
10 0
6550 10
142 573
34 922
4799 1
4926 269
1286 274
2625 3
1794 1589
4518 3
1502 976
2749 2382
1695 3
4148 4
1414 1
9 42
693 80
155 5468
81 1828
242 330
151 900
161 3256
1883 1
2445 1335
881 97
5043 47
98 1805
4611 723
914 1
1161 0
4308 23
297 1
5173 2069
27 184
2176 818
5333 3
1710 1196
112 0
919 353
27 41
4167 2281
13 214
711 3
142 266
1982 0
2550 2733
1180 10
2992 3
795 44
1014 80
616 543
1275 140
430 1
6656 41
1099 43
2357 0
842 80
828 3
1877 8
2349 668
1931 6593
211 3
3690 3
5004 341
3841 3
281 113
4605 8
2298 1335
2319 117
6408 0
6671 1
114 1417
1734 173
1016 1
1511 28
159 1
1192 4
4710 4
2816 4757
591 2
480 334
2703 0
234 213
699 101
1936 18
2612 78
2721 353
2925 1
3266 223
608 2829
5262 3789
6080 1552
3940 3
1177 3
1362 1
498 0
6 41
427 4
2244 1128
4460 1376
901 2168
57 7
1144 185
3042 1
208 117
778 33
2118 44
6371 932
4331 2826
3008 0
39 0
81 266
4655 4515
2516 287
303 511
15 43
2583 3
0 784
2548 232
5 1
1091 1
1389 4879
5617 1
27 358
851 952
156 2
2524 0
2878 3367
1057 2
730 346
2103 92
5775 3
437 1276
625 0
4975 4288
75 35
98 2484
5779 68
546 1196
175 4
2049 0
273 4
2 474
1640 4
1820 280
0 4431
2287 1
880 33
3558 2
1052 33
1787 68
1166 41
4411 0
3117 1
661 1455
495 761
386 95
387 298
122 1923
724 1
5398 207
1995 0
36 3
6015 194
2404 1
690 0
4119 1349
1559 752
1961 1
3480 18
4073 117
5655 2
242 1127
409 0
1776 0
1705 4
3081 434
3235 1349
224 1
604 5285
3200 0
6426 2292
1758 3
106 109
3082 44
823 2
1125 654
1549 28
316 1268
4254 10
206 0
2027 46
2080 4
6437 0
27 1439
3038 2137
6508 4
4322 1284
410 2265
1005 768
291 258
2133 1
604 2
1068 369
3836 1
2716 0
1011 0
4257 0
3987 1
1258 3
2227 117
570 1
1145 2751
1638 294
4290 200
5781 28
98 1310
2534 766
1955 8
961 1192
0 222
3521 0
536 0
5942 1
1992 3
1078 88
3332 232
3080 1
5567 68
271 0
1638 0
440 4
480 1073
3503 1
925 3
5476 2
3133 4
1768 505
191 334
89 140
5000 52
2235 10
891 3
854 117
412 408
2392 543
5150 3021
422 5449
1067 4
5671 1
1285 2545
5 263
425 3
2315 3
1295 28
3611 7
4115 568
5390 3
6400 2
5256 35
6105 18
37 7
3505 33
151 3
2766 2
5171 1
1380 394
3198 1
5507 3
6604 0
249 18
302 4
1958 33
4407 43
6699 5449
1598 8
843 288
4273 3
3714 217
4458 1
54 4284
339 1
268 3
976 2694
515 2
1250 125
3503 1197
4326 8
6523 33
1503 2057
26 125
923 505
83 4
4424 0
676 23
57 1953
1324 683
3466 1
5023 3
921 200
3605 18
3809 447
4406 3
1279 75
2232 125
456 1
1599 900
13 4986
2593 4
888 4
462 27
1990 3
2082 1335
102 2
1194 5422
6507 2742
31 2
181 433
509 4
5712 2670
755 852
438 0
1359 80
6075 0
1734 4
2037 3732
462 394
4165 1609
1535 307
306 654
3779 33
4965 18
5634 1
5368 4644
4770 0
4955 4
2834 8
3153 366
34 4
1729 1589
1490 3
2919 1583
4342 3510
873 3
4137 3606
2211 1192
2144 1157
2146 3
5591 0
2631 8
1888 1
17 968
2729 0
953 4
593 29
5557 1
0 3602
9 188
1049 3609
1870 0
5372 0
9 13
318 1
2279 3
410 3156
3630 752
3479 28
2198 47
2255 42
167 356
4721 3
2245 0
2562 194
100 2485
1651 0
1824 4254
3632 1240
4636 44
5057 1
6652 261
6145 3
1370 0
2436 4882
100 2052
730 355
398 187
368 480
3729 3
0 2826
3914 1
65 0
2522 2445
6228 3951
179 8
3967 4
1291 745
3880 0
5061 1415
2952 4319
4497 1780
6605 155
216 3
179 185
5801 2481
119 4442
3124 1297
1406 1371
3862 3
13 2
3245 3
3278 1566
364 282
6676 1
1981 164
164 1
1274 24
4937 0
4384 896
782 665
2091 0
130 0
2974 1553
22 18
315 4
1931 1044
3362 3
2449 2202
13 3977
2745 3
6168 2250
3572 752
770 80
348 68
438 194
703 1362
1899 261
6005 1
49 33
35 18
6229 4
23 1345
96 4
25 8
3072 3
3495 3
5354 4
2037 0
917 1
7 121
1596 1
428 5674
2328 1142
2622 4
4163 4
651 42
4335 1590
1315 3
2412 0
451 0
1562 0
4285 553
5919 4
4788 3712
5966 33
81 3
1792 517
10 1
1689 131
0 23
5382 1
12 838
1300 395
1742 184
6648 4
346 8
1068 95
214 3
5851 1
1803 101
494 371
2060 89
797 0
402 8
5129 0
4089 223
659 80
679 173
1488 8
2292 1
578 0
5104 0
14 52
89 117
6615 4
4 10
297 0
299 958
1593 4
5384 33
5769 2357
6187 261
5589 232
1910 1321
4565 3012
1312 4
3861 395
1632 3805
3826 2644
1063 361
17 18
1094 3982
1549 1422
687 117
4611 1
249 89
2338 394
3477 3
4179 3
0 1439
1948 0
3045 1
4094 4
5379 4
6641 68
5022 596
130 117
3268 47
5356 2182
2172 2
211 2
4984 1
2664 2182
22 62
1147 663
2977 3
2138 1
1711 1
5213 1
1094 13
4211 33
159 0
2289 4
328 4
3391 1
5796 0
79 345
4737 23
6610 2341
4244 1
31 474
2086 3
381 1
474 357
1454 3404
310 7
21 80
2695 2379
7 93
2854 4
1504 117
4713 1
5296 0
5728 3
498 1
6 46
4969 2156
745 0
2635 4
1813 149
5031 0
5078 229
3469 315
1328 1
2425 0
393 4
33 125
640 3
2910 25
6341 3
39 3
2776 29
5676 1
2407 1
3440 4
3627 1896
3941 1196
4136 545
154 2691
2583 2
330 568
5 0
2708 2533
3112 806
0 896
844 1
592 42
4161 3
6242 4179
1091 0
4618 4336
227 1
1664 120
1745 3
1780 668
1162 2561
5176 1
166 108
835 623
2500 42
5348 263
71 33
0 686
2490 0
1896 0
4294 3
6165 489
9 688
2409 80
1208 2
6320 334
3576 0
607 0
4877 0
3839 1
2073 2525
3803 6516
1669 44
326 0
970 172
2200 4
5214 138
5346 2
2614 107
5053 3044
3188 4
3117 0
454 484
734 44
23 3013
1659 1
218 2644
1588 3
2253 1
15 1121
107 0
5744 0
2932 489
4677 117
3268 3
5673 4
6051 1382
443 2
743 183
73 1
24 635
281 76
686 45
1776 1
6133 3
3847 80
841 4
3210 23
1147 544
391 0
6149 266
2599 1
2967 573
3901 5823
5117 33
174 1807
799 20
0 258
163 846
4561 239
6130 2305
4898 3789
81 2326
1527 1295
9 421
1187 4
138 3
5960 3
596 2870
3802 1
89 5311
2938 0
6 10
3185 1
6064 33
0 223
2052 280
4343 76
4893 3
1823 0
27 2010
104 3
6573 3
333 3246
4930 8
5908 1
2883 1163
5766 99
85 357
3071 2
379 8
192 5730
6178 452
204 117
4578 1
153 1390
1664 68
85 71
1977 3
6552 32
2047 2561
2685 3910
18 0
1342 399
3064 18
5239 2
57 1403
2969 1
1033 4
2607 627
3648 1
4156 4
344 29
1066 68
5774 1962
222 2
151 2
1018 101
13 29
243 4182
1426 188
1854 4
75 812
168 90
5825 3
6666 4
620 0
490 365
1891 1
127 2380
810 568
53 2665
2629 1390
3164 1
64 394
154 4
6163 2
339 0
6315 207
586 3
5 875
411 2040
1169 0
3941 2156
305 1
13 336
321 2770
5958 3
1175 46
5094 2
3418 3051
153 117
5270 1
120 0
49 4
353 5890
1691 52
2936 1042
1553 43
5492 0
102 3
4116 925
5777 1976
5315 1545
6333 1
2180 117
1913 117
2399 3
756 4
206 29
64 630
5014 557
4770 1
836 3
2758 1805
200 229
57 348
5337 1079
3451 0
4823 4
4736 0
5292 13
15 2051
3114 80
1945 76
2480 4673
4331 2743
5377 265
3825 140
4024 23
6328 844
1746 4616
1424 557
4346 2072
6247 3
167 1
4755 250
3151 2901
393 92
599 2
3831 3
821 4
1870 1
5372 1
5261 1000
100 203
2316 8
3312 7
3550 1
1836 0
56 113
2933 1
61 2068
5338 0
5817 229
6179 1
7 766
1478 1401
284 1
602 4
531 0
623 366
885 3911
3763 1
74 2857
4349 1382
1185 3
3075 3
792 2991
2865 3
5822 80
872 1937
711 136
1521 4
1286 1390
6349 4
1297 875
3046 5152
216 4
1318 3
368 207
2591 3
4729 2423
2998 3
13 1
433 261
1219 5743
610 95
4131 203
1014 229
4586 44
2742 4
583 368
2162 178
6466 2
164 2
1682 0
600 200
818 3
12 78
677 1552
359 97
2779 1
2038 47
760 2106
130 1
662 2756
633 0
67 614
2555 94
5298 395
6599 0
281 4
615 1
1648 4
1098 45
6158 1
1198 0
2295 1
851 151
102 47
2764 8
5149 1041
0 347
2693 4
5001 1345
5283 3
2261 2
4666 3
11 125
1596 2
1686 900
1543 517
1467 94
3964 0
755 928
2003 0
5002 1
6201 1064
4385 1
4157 4592
4992 23
4416 4289
5143 2864
0 121
590 18
3232 184
591 511
4129 4
1951 113
4553 6231
82 733
1244 27
3242 1
98 4271
1120 41
3530 3165
0 232
9 334
7 943
1205 480
4765 0
399 1
57 90
5024 134
646 2
1149 3
137 18
1293 1321
29 4
1078 1
1796 852
5604 1
5666 4
4484 0
2573 3
5163 2
4299 3
1044 0
5570 0
2805 42
5046 5894
50 2347
3588 1
118 1763
960 6102
146 2
2126 1822
5678 4542
208 1443
3702 18
985 1
1 1002
2 1605
19 353
1285 28
2073 3
4416 3
5765 3
5750 579
5950 1
544 0
4419 2753
3482 1954
3088 1
75 2554
27 43
526 3
4781 447
3943 2
6456 3070
4935 2702
2275 1411
61 200
1365 0
1294 4
123 627
6362 4
5697 0
212 187
1578 2
3514 121
4070 18
808 66
610 466
1273 274
1146 0
3875 0
26 3
582 20
13 263
433 3
610 1657
2570 0
5247 3
64 353
1711 0
5213 0
153 45
1016 3
2065 729
6109 4895
5515 3
310 4
1164 2815
1953 1862
7 92
964 1
4466 1
4713 0
347 1
55 368
276 3
4895 3762
5947 117
3755 3
1025 324
1794 1
54 136
6 47
2886 261
5364 336
1593 1117
3721 0
158 250
2085 42
11 2091
5278 0
4056 1969
55 534
6288 3
2021 3533
9 362
1424 1345
179 1558
640 4
114 65
81 264
1628 4
801 119
2320 4
693 1
3526 215
9 68
1204 691
4295 42
2373 1
4919 1260
471 548
807 910
1091 3
227 0
6458 0
192 1357
3935 2554
881 3
1033 3698
57 2197
2154 3
303 76
89 80
179 466
5229 3
23 349
122 8
3776 107
1464 237
1341 6253
1486 1134
3576 1
607 3
660 1522
2609 78
316 184
1014 3
3752 4
0 6037
2081 3065
2889 814
5010 2188
5295 89
4926 724
3373 4
2438 3
758 4
5 596
1720 13
4392 806
2803 33
5787 3881
539 1
176 553
3135 623
1378 0
1947 1959
828 33
4764 5953
1041 80
211 33
1632 1379
2688 8
6391 4
73 0
311 10
1255 347
1293 122
27 627
1350 117
5013 3
656 1
3366 4084
55 1
1088 4
6286 3
391 3
283 922
709 4
1758 1
527 1463
4069 80
328 33
3870 3
755 890
3159 200
169 1815
1568 2129
2816 394
814 2069
4979 3
3168 2377
3406 1571
2527 394
777 717
4196 3911
172 1
321 1753
1514 4
2398 125
1472 560
1437 546
1258 1
2099 0
138 0
5791 0
4632 2314
0 33
6476 4194
5362 2166
4602 724
0 3993
9 309
6184 1
265 131
1631 3109
2065 1
5102 4673
57 33
717 125
3768 1
583 4491
6166 0
4461 0
104 4
342 2
589 3
4370 80
3848 8
1685 1835
3039 547
740 0
2116 394
6109 6161
2050 8
5297 768
0 621
1323 3
3284 1
1090 266
459 0
2012 1345
89 3
3003 3
0 540
4544 1
631 95
1057 44
84 258
86 336
286 1398
71 4
1323 289
61 46
4773 1
118 33
839 3
71 149
222 3
520 33
3145 8
3963 2799
1972 33
984 46
805 0
255 89
329 223
2878 1630
1794 752
4567 1310
191 925
5355 2787
4238 1069
792 1060
1274 2
2514 528
339 3
302 117
1995 46
6570 1
1175 184
1857 1
3969 3
2266 0
2195 4
3965 65
120 1
1041 205
1059 464
4724 4
1654 3
456 3
98 1276
302 1522
3183 117
102 0
410 508
0 6188
2050 1815
3517 545
146 806
200 8
57 1665
4619 1
5621 6695
98 6234
15 568
4594 3
3186 5794
208 2142
1293 5828
5233 3328
722 4
1090 1364
7 164
4068 3
4423 5480
1966 200
1490 1
6202 943
10 107
873 1
3627 4
2565 1643
4304 3
5406 2
0 13
2146 1
2492 117
2 2787
1118 2864
617 4
1533 46
2339 922
4000 1
1070 735
258 1276
100 101
1877 6646
4211 1989
1006 1
2094 3
5243 2499
1746 131
403 263
3308 76
3516 1
217 33
1839 787
2899 1
848 141
1987 4
26 761
2296 42
4825 99
321 3
506 1
619 3582
5039 0
265 708
303 4
735 1
4896 353
6054 4
2847 7
3016 1
250 125
2376 928
1318 0
4529 217
702 1829
151 33
3069 4
440 4800
13 0
71 270
4786 3
6 1355
1716 2
477 68
704 8
1222 334
82 1696
1003 4
932 8
3177 117
75 553
2437 18
4786 2129
79 33
5018 368
352 1
130 5308
528 4
1337 966
3780 78
5 3992
220 8
498 2554
1034 818
2208 4
3186 223
5107 1
217 1334
1942 384
6 806
940 928
1164 0
2181 3051
2261 1
3310 4
1534 8
4880 4642
801 1394
763 2727
6526 958
115 0
3395 2106
5681 4
1244 1969
3464 141
570 1696
81 1
1773 806
2378 1
1553 1326
4037 3197
1075 1054
3073 1044
389 489
1044 803
3208 1
1519 3
1581 4
0 152
2325 631
2458 8
10 1889
29 3
542 2916
214 1
416 200
472 928
2175 3
3446 0
2419 501
3693 1
5861 102
2651 1522
2831 766
1044 1
6246 117
449 33
179 328
1266 0
3995 0
3625 3
4493 47
4344 631
4308 18
4653 3894
3961 4
98 106
279 3
1646 1
2333 353
1669 2330
526 0
3511 0
88 44
5916 1
5741 20
4142 8
3326 1
316 4
5417 78
686 4934
1331 0
301 361
3956 47
396 3
4 3868
1033 654
1146 1
26 0
211 4
1297 1
5429 4445
2674 890
2641 3
2570 1
1936 2100
1112 0
5439 2432
1041 4
390 3044
2623 4
130 149
4159 1390
2721 4
1016 4
1094 3
4993 18
5125 857
5036 80
2124 125
1430 1
2109 783
6018 4
523 6662
442 18
5179 0
0 5056
4315 1
87 1916
1282 8
252 4897
1556 1318
5145 1
2962 8
1117 68
3172 1
1211 3
2204 3347
347 0
6342 41
3579 1
929 2074
745 117
142 621
930 1
72 489
313 1
1400 183
6 44
9 280
6497 33
471 336
57 4
4661 1
2672 1
727 3
3959 0
57 117
0 3804
6 334
999 1411
878 4
3043 523
756 928
412 0
659 1
1285 349
4161 1
6059 171
251 2485
2339 1
3392 71
3335 1331
2263 422
5588 752
57 1373
71 35
368 42
6581 246
6255 3
175 1
4730 75
4638 1886
937 18
1878 1
75 2457
1277 1926
1261 1
3943 33
2509 4
3620 4
5859 117
142 3116
1495 928
6372 3
6185 3519
292 1
3524 0
5065 0
3771 1
4064 117
1445 2800
946 2
2536 2849
2836 2
1193 3
13 298
3058 1
2 29
1 2806
1607 1
17 3296
2855 4
3173 25
55 0
2953 4
121 508
709 3
6191 141
35 44
2041 18
3343 2292
6 863
888 90
6065 3
1724 1
860 0
1749 1382
1107 1
2366 1805
3619 3013
172 2
245 980
2669 76
6313 384
641 13
5506 1802
1552 33
1 5011
209 3
1975 33
5625 1026
1409 0
828 5420
3188 1295
3617 1
5174 3
1036 353
6 8
1224 1
360 0
15 362
364 1252
2735 7
3167 0
6238 4859
2216 3
5979 1
589 2
24 1862
3626 243
1846 80
86 4
983 270
15 8
3907 742
98 2178
3783 75
5081 3
740 1
4068 3051
2011 0
5257 0
123 1
4393 1
52 3
824 92
645 18
459 3
61 843
2047 1275
1049 534
3250 1
3359 353
3832 4734
5893 4
1025 1401
108 505
735 44
1821 33
2936 78
27 101
407 1
1313 266
1939 42
4814 852
51 107
216 42
37 4
27 18
9 547
5242 2
3815 62
933 474
2677 2182
2149 1
4408 1962
100 1355
3310 3562
5868 225
4035 1815
1262 544
5112 1
0 1224
2698 3
993 1
22 117
4255 1
1478 8
5773 3
6536 1
228 3922
4909 4
6433 399
1295 1063
466 18
3096 1
17 1520
179 651
2664 3
2115 1689
888 7
102 1
5273 3
176 18
5458 1
68 0
6299 0
5705 0
1339 1
1303 426
5776 2561
3019 1
34 3
2237 68
2574 125
6639 721
67 89
2763 4
87 10
566 45
2270 20
6357 604
4701 2943
2803 5723
591 394
9 336
3664 0
9 1540
3593 4
5221 0
5757 78
2441 1101
3399 0
2923 203
9 3913
4053 3
3085 817
2843 394
204 4
4545 8
133 0
4474 1
6586 3
3181 1342
0 2206
99 4
1185 1
3146 3
321 2
3482 1
1855 4
5576 1153
5357 4
5286 0
1953 4
2259 270
3843 8
5399 1763
226 6028
324 1398
25 4175
472 1
4778 2071
4891 8
2680 0
3527 928
5417 1780
1318 1
4820 1
701 1
512 4139
1750 4
154 1552
6500 1
914 2166
50 4
235 0
4505 0
5872 0
889 3
5184 2
5991 265
4320 1
144 80
897 694
201 1
1836 1275
2954 141
11 768
3990 900
4012 68
352 2
2262 89
3591 0
4500 99
6203 4793
1131 33
5151 117
163 187
6452 663
2076 4
2866 630
2261 0
101 363
964 47
6534 1429
4875 1815
6360 2306
6346 1
1633 1
765 1937
1177 43
3469 2519
1894 232
6510 2751
81 0
2688 940
764 2799
664 1
2588 141
1277 91
4589 1
1334 2
2635 2526
683 508
6036 1
664 2884
6620 117
6223 8
0 776
147 75
6559 10
4114 3
3298 8
551 18
4953 0
0 598
146 0
161 6200
477 626
810 43
6633 0
260 8
5841 266
71 62
1030 343
2073 1
1161 4
243 1197
204 925
2325 42
1219 282
816 1383
3368 900
1831 3
438 3098
2282 280
1797 0
2894 3
4435 1
4364 3
2153 13
1612 1
1351 47
13 35
1160 42
738 42
1246 5995
3145 336
27 843
1578 0
6104 0
624 141
4192 1757
3011 3
26 1
156 1264
2078 494
4552 1
1297 0
13 261
433 1
6086 3
918 8
2 5157
1535 1
348 43
352 46
3623 966
4865 46
2959 1
230 3
1363 97
2260 654
23 6483
11 10
530 3190
998 4
894 117
3573 768
628 1
2434 1355
2493 0
3604 0
7 94
779 1
2408 552
1638 431
5038 1757
6578 1
594 0
480 672
523 4
465 188
2436 2011
2644 458
1490 198
3545 1
1609 4
3941 675
0 246
4414 1
3104 0
1159 0
295 1
1328 4
426 176
2848 334
5328 259
1862 6432
2960 2620
1944 334
1998 1
5500 1
110 0
6658 194
3086 3
85 334
801 117
477 5084
1297 3976
2931 700
200 620
237 131
1964 0
2181 1099
2568 812
5 13
1789 117
545 8
412 1
1779 3
4303 553
5646 1379
0 899
1930 3
9 987
2534 18
2410 4
1498 1
881 1
645 78
4312 3
2725 1376
5033 101
3425 0
452 1396
4982 0
4054 953
1949 7
2975 4
4045 1326
1830 266
175 0
5812 0
1446 3
2201 1581
179 6425
6013 4153
3292 199
1444 544
1190 4
2860 91
2509 3
3504 511
4246 5516
1287 838
2254 2194
1844 1
2449 5835
2756 4
980 0
4027 13
5731 33
13 71
123 529
348 890
1469 68
2544 2930
3508 1422
929 1335
1193 2
14 6503
1749 125
258 1
761 0
944 544
1453 1404
4534 125
197 28
3334 145
75 752
311 4
480 0
2077 18
743 1
413 1376
3082 89
55 3
1772 80
3532 2237
7 1608
233 217
3846 143
769 1657
21 0
4362 4
2440 33
7 45
3457 516
5573 5011
200 125
4286 447
6107 395
3585 768
243 1
3382 606
858 494
1761 3
4998 8
4024 2235
4328 0
5615 1
10 117
101 52
1980 474
0 35
2506 0
313 28
6271 1
617 46
179 2355
798 117
5581 2
6669 4
4964 4
5760 237
3640 78
5078 4
872 508
1277 3
2597 97
6117 33
2303 0
7 4425
4827 3041
3820 2779
3413 2267
4043 8
6284 5420
2501 45
6392 68
2269 1
3318 4
4674 0
3716 1
3972 427
622 42
0 623
1759 2330
7 1316
4208 1
85 68
1317 623
584 637
89 1
4375 1
5408 4
5742 3
5114 45
496 13
6 1200
2386 1
3656 3065
2633 0
28 164
744 2071
5461 1
1104 3
678 42
240 2
6487 2
1660 8
1527 3
122 42
838 300
216 43
17 78
37 3
222 1
1293 472
1493 0
2062 1310
3701 1
4085 2646
829 152
188 0
5578 1
1459 1
1891 2
4003 0
144 117
96 2250
1901 4861
2451 3
1790 871
5750 117
552 1
662 90
4433 1662
2508 3891
4477 1
120 3
3662 33
11 2648
713 18
2945 1642
2009 3126
3727 623
0 1815
1145 119
5060 0
1805 1
941 2
1477 80
1630 46
2522 3770
4632 263
2214 0
1620 0
2878 107
3485 1
1070 33
480 266
1318 4184
68 1
3408 18
3742 187
475 1
404 3
1922 1
0 400
219 4
2120 5736
148 8
4823 1
5856 4
2649 3
4046 1192
3499 395
57 466
423 7
3806 552
299 125
211 1522
1438 1
4940 1
1685 0
379 184
6016 18
57 172
4083 4302
5 52
759 341
2094 1
3804 1236
3365 0
4906 0
86 33
108 681
180 46
2626 1434
2330 3791
4289 2
1091 76
170 4
4044 474
602 3
938 1
1804 752
4440 1
9 787
191 511
321 1
580 1630
1299 8
5974 3
217 80
2139 1882
4 18
2865 0
939 489
65 4
5224 328
2750 837
5026 1326
3967 0
1415 1335
5252 0
118 3
1777 200
13 173
5684 3
269 3
161 922
2415 3
454 1
2662 0
650 1042
886 4
566 3698
815 8
5474 3
3229 666
687 194
235 3
552 223
3282 4
109 742
1270 41
2347 1
386 3
1074 380
3966 42
5184 3
3633 2939
6300 152
201 0
1250 29
3433 1
439 10
23 5940
5121 391
1377 1642
4209 4538
352 3
372 78
1165 117
4150 117
1269 1
4382 8
4004 944
253 3606
3628 4
124 622
1960 18
1852 0
3813 0
3816 380
6461 109
4766 1938
4751 1334
7 117
6531 3
195 237
1486 173
2679 41
3964 3
2844 2
115 2
6055 627
2298 4
4632 1
1633 0
286 71
513 1
128 33
3476 2314
5463 117
5905 835
2863 4
423 43
3764 5508
3423 92
5532 1970
175 1174
646 1
460 44
1326 1639
579 62
144 2561
393 125
599 35
1708 395
2397 3
1732 1
2573 0
5542 334
13 2849
9 2305
1044 3
2409 3041
165 338
2548 0
1377 2770
3659 0
3050 334
834 3
1883 4
5200 0
86 188
160 62
118 3978
217 3
3715 3643
4867 3975
163 2713
27 270
283 184
817 928
378 246
1232 1
5487 3324
5536 113
900 57
44 971
297 4
631 1
544 3
6174 1
1214 0
2055 1
0 2969
2224 3
27 44
457 5047
163 6600
191 2477
317 3682
1004 4
2080 5087
1860 1953
4061 80
5089 3
748 1
197 261
1598 117
3306 4747
2019 0
60 3
1897 700
3641 1082
467 3
2675 0
2712 54
1729 107
3709 335
640 4379
1402 117
1631 4
2837 1462
5630 4596
1448 117
2323 4
5392 28
0 1201
2717 172
1112 2
619 18
2053 4700
1535 0
6338 474
3819 561
5620 1
230 0
499 5541
2 857
2589 3
3931 8
1157 2529
850 117
3860 4
6027 2156
4045 0
1060 0
6427 1
6598 42
1899 3
779 0
162 2
426 3895
1767 8
6021 899
561 200
2925 141
162 117
2036 78
3104 1
385 515
488 5623
6655 274
617 194
393 8
6189 954
3959 2
110 1
275 44
3086 0
299 466
4101 489
4447 107
662 1079
3268 774
5466 1
1347 1
1101 18
659 3
2620 1
56 44
4285 13
5436 3841
6273 1
2529 5365
1859 4771
6373 400
3734 3190
13 1390
6031 3
881 0
2993 2
3492 44
339 3328
14 20
1464 1
71 29
934 101
5229 0
5139 232
776 3
1536 213
3237 752
175 3
507 1295
1517 4
17 97
2543 1
554 152
3381 2761
5416 2078
27 8
3990 1
326 4
1344 501
0 5639
175 353
3134 1398
363 1
539 2
1881 3
1189 68
396 33
4377 4
4711 1
2586 631
0 1262
6112 568
3639 8
2447 18
3614 990
2768 217
440 768
4144 152
498 1546
480 1
1607 3
3898 117
5445 13
588 1331
578 1197
1326 1
1644 4
617 721
1573 0
2423 0
709 1
15 944
5658 1
2389 1
243 0
1941 270
641 3
916 131
5332 2878
1059 117
5174 1
792 0
3271 194
831 353
4974 107
6422 2
1689 127
2472 0
3058 6033
4546 1002
57 5147
2413 3431
1225 447
6085 2006
6356 1701
161 448
885 1177
5234 246
133 42
1750 1943
1172 1
17 513
5510 2133
308 0
57 768
740 3
961 298
123 3
6354 1
109 44
327 117
274 3
1641 1
5689 11
297 1954
3753 3
3938 1
3455 1873
1317 622
2818 0
89 0
5495 3
0 543
27 246
1877 4463
3226 52
71 1
6302 3
3216 2
1774 1
4996 739
4492 2
1740 0
32 910
3896 4422
14 274
1033 1002
4961 0
1706 3
767 511
5314 1540
2324 141
4250 239
27 5889
1089 3
477 125
3726 2526
154 0
1425 1
3120 91
5 3727
2422 3911
5711 3976
4127 52
4681 18
2081 1
504 52
5374 334
6 543
1165 80
3183 1
2686 555
211 431
3225 3981
243 4502
4804 511
6411 2694
4443 1
4804 4774
175 6549
1620 1
2075 1681
5387 2901
475 0
2365 28
6278 928
34 1
7 3705
1282 353
1305 0
0 1701
2 547
5272 246
5477 3
87 4
5724 4
1287 1
441 114
3882 89
9 1546
11 384
3171 18
640 80
6468 6156
5628 0
238 3
756 708
260 353
5875 1
650 41
2535 3
1638 33
539 1031
4977 3
195 733
3612 0
4289 1
4039 451
5 68
1151 6438
85 246
602 0
3331 0
6348 3404
6690 395
2420 2379
2677 8
321 0
17 2267
299 2540
482 117
1409 1060
303 1
1336 4
3297 4
3611 2314
163 1254
24 1376
118 0
155 54
4887 62
216 8
2619 97
4520 152
4820 3
3501 3
3933 0
2461 246
2391 117
2358 870
1991 117
642 1642
828 117
889 1
2595 806
2443 1589
4151 1
13 287
1303 4
2 80
4698 3416
4990 0
1237 768
84 852
27 3027
163 95
3415 1
5820 0
281 8
10 502
1157 4700
1630 120
2464 2
163 44
2110 3
2517 3
5505 1
850 33
1710 18
2003 4
3361 175
885 553
337 3
3498 0
513 0
253 431
0 125
2659 4
366 246
4967 756
6 71
570 194
751 1
26 2888
5393 3190
63 3
2391 774
142 694
470 3
2431 1
2344 3
2678 2
1484 1345
2922 3976
740 229
3878 1
100 4
4555 0
17 568
6692 3
6665 6520
1115 0
180 3
1698 1
2479 1757
838 568
948 8
5137 752
95 33
351 75
426 3161
19 357
368 1
4966 1475
161 4339
631 0
1967 1192
4901 0
5086 4
1264 435
782 2
57 1463
3913 3002
3175 3
4127 968
597 1
394 1106
4366 1155
2242 952
529 114
70 18
2159 45
1157 368
4754 516
3292 3
1297 117
1850 875
2675 3
714 1
3207 42
2546 117
4936 282
3201 117
3735 752
767 4
1112 3
5336 3170
3494 557
2191 4
1535 3
1915 3421
662 3
1107 264
2788 64
2845 7
3277 4
1795 33
2801 203
5650 1403
394 1657
2342 3
5725 225
24 258
1060 1
196 0
2086 4
5833 0
27 6453
1097 28
6423 52
6588 117
2123 1
162 3
5552 0
330 1121
661 43
556 183
1453 447
1825 1280
2706 0
1570 564
10 46
2016 4
6122 768
1230 2
440 511
576 1851
1662 1
1499 47
703 23
2222 0
446 4
4033 52
3980 1345
204 78
3308 0
2248 2102
191 336
412 3
2838 73
2001 3
98 2156
2203 1602
4568 0
6192 80
1129 489
5414 0
6511 1
6571 6051
689 1208
2961 547
0 675
4309 2700
4109 0
776 4
888 852
5877 691
175 2
179 71
1446 1
218 739
2543 0
98 13
2077 684
2759 976
2413 4072
4260 3
1868 42
2309 489
1915 1
5161 1
64 52
1495 1105
178 4
363 0
2 246
23 172
1095 8
4741 894
3154 0
515 44
2418 76
1528 1349
5016 2266
999 4
175 582
5294 1
5482 353
1175 1
1033 568
2111 384
4292 33
497 1188
3456 1
871 78
2360 28
544 4595
2423 3
462 1
6099 3
709 0
2921 3270
704 384
1292 1
2389 0
428 0
702 4226
0 263
278 1330
243 3
645 1109
2355 1
394 3
1851 131
2427 2166
4760 0
769 117
934 3197
650 464
2353 544
5862 0
6606 1345
3356 46
4125 3
792 1
4310 1
1055 0
1144 5215
191 1
1224 4
3902 97
2472 1
5140 1
774 0
6237 0
3574 1
1968 18
2454 0
3821 0
137 46
4409 2878
308 1
3540 0
3710 3324
2203 1969
3787 1
504 3072
624 557
2050 4
274 0
2238 4001
3506 3
274 4923
2818 1
89 7
661 1033
2020 172
497 4086
3229 1293
6129 76
1623 1
1953 125
6681 8
265 684
3904 1
621 33
71 0
3713 557
17 3828
13 135
4139 1953
236 80
37 1
2438 80
5 547
4516 1757
1740 1
2581 0
4122 0
3728 125
1377 3269
3420 1
2061 1864
2031 627
2803 1
842 3
5413 5431
148 752
4074 2
1110 1684
225 3
5556 2326
154 1
6386 194
211 80
4943 0
515 8
4451 1970
44 2212
3546 330
5597 3
409 117
4929 2795
582 80
3422 3309
2721 80
301 80
1133 603
1597 76
605 2
1145 117
1307 258
4291 199
4723 200
102 4
98 5683
1299 1382
2507 8
3618 8
5767 4923
756 1
1680 183
68 3
3671 13
2180 1
475 3
2972 101
1091 1177
3954 3
10 132
301 899
343 8
5687 2
4106 1970
148 10
2291 943
6094 0
763 3241
2430 626
1120 2
0 1
423 1
1955 42
781 943
1941 3
53 4
346 62
2621 44
238 0
5120 42
2112 4
4940 3
1068 0
3929 18
2165 1
1367 20
2213 1455
1907 3
631 3021
6002 20
643 3352
2956 117
3274 200
1441 3
602 1
782 261
79 4195
5135 0
1009 1
1237 2461
3342 1665
2097 3
3031 512
5963 784
2024 3
189 8
243 998
2079 4
2680 3
118 1
339 852
2715 1121
2950 264
1418 742
3069 0
84 0
2173 203
1210 1064
4246 18
667 3
1237 45
50 3
130 107
2347 3
889 0
4151 0
3865 1
9 2578
1664 4168
5669 2
439 4
26 91
1038 336
1735 0
5166 4
2138 2883
1047 2
6485 3
1454 0
0 6557
3998 1
988 1
5887 184
371 1
2261 13
300 3
4649 1370
582 489
3685 68
6108 42
115 4
2720 18
4719 1
64 966
584 29
142 1429
197 534
181 177
5055 3
4917 46
6 68
1130 8
1318 4900
2298 117
488 1
664 4
2022 3
3727 1
1025 29
2431 0
470 0
6107 0
5692 3218
5737 3
5085 3082
4555 3
2502 309
821 99
1300 0
3261 0
147 76
740 117
1513 307
488 334
3227 1
0 954
2690 109
2946 3
217 1
3741 568
3138 623
2329 3
26 729
1664 1
14 62
1063 1
6628 264
3675 1177
1821 117
1626 223
310 2761
2480 0
4815 2237
5921 2620
35 666
2912 3
1674 1865
165 3
2055 3
350 1
5005 33
4098 223
13 207
2092 4
1180 1
5521 3
1237 80
316 0
4682 1
6547 0
2915 6138
230 762
4667 2691
748 3
3178 4
6114 117
2243 1
4922 1763
1649 1
1245 598
4341 741
1157 384
1000 4572
5 1121
3272 80
2047 6560
2903 18
6513 4
3814 8
680 1
3743 4
1967 0
79 1
561 258
733 4
3615 478
1550 3703
4164 0
0 3190
4367 685
13 1764
3206 1
6047 270
884 7
3823 8
1740 1456
4537 3
3536 18
3348 5882
5535 203
7 91
1026 1
86 1284
130 1302
1433 1
5816 1954
24 33
3879 8
660 246
3447 10
1622 890
1025 1828
3792 1
6261 4
613 3
9 365
1096 35
542 1
1537 341
3527 3
3774 0
2983 1121
5068 1
5932 2
6341 13
275 46
1931 125
2293 3
3102 925
4380 3
3564 4
525 1522
5034 0
50 1086
5281 1
57 234
5983 614
298 4
62 117
2866 44
3720 43
1044 33
3647 752
2050 33
2620 3
2866 3943
113 3
6609 5594
4831 0
95 4
437 2364
644 117
735 52
972 298
1697 107
2254 35
1110 0
1882 89
4095 0
5380 0
6477 1
5883 1
472 508
715 8
259 62
98 10
705 18
154 264
4985 3
4914 1
795 1
4297 1
410 33
980 3
13 68
2068 1
363 3
2000 258
832 10
1881 1
4448 2
4839 78
221 18
2219 4
1710 3012
4279 183
3537 24
2809 897
4145 183
1090 568
480 3
1529 8
965 4
5260 1
1216 78
56 4090
1286 4153
0 361
114 1335
1843 264
561 8
3555 298
243 2
1329 3
135 394
67 464
840 80
3522 80
5302 89
6 125
782 2526
6312 76
6440 1
792 2
96 415
6493 4
2136 0
2189 10
796 1254
163 547
2472 2
37 3270
1931 8
1627 665
4276 1
4006 0
17 2370
4138 46
507 68
1290 99
1860 1
858 33
1821 362
1178 668
3540 1
3787 0
9 107
2011 4
687 1362
1940 8
0 610
2235 3
5927 3
521 0
351 125
2282 42
5310 3
4693 3
1360 1
1731 18
2201 0
4042 33
759 1
902 534
1536 4
5029 1
804 512
3040 1
71 3
41 52
3216 4
2311 76
1182 489
1575 114
13 134
3833 13
37 0
222 4
98 46
4193 3
826 3190
2941 33
1777 3
842 0
4344 0
0 1117
1089 1
225 2
10 766
3553 3404
2522 0
4357 684
1672 0
1122 75
3429 2969
821 4874
1240 2
376 1
747 18
4729 1576
4980 4
5483 1959
3784 3
790 2
6324 172
3487 1938
5014 6102
1222 1
585 92
605 1
3006 80
663 353
2315 1331
303 3098
179 1128
2285 1
2641 361
5097 2
2882 117
3732 1
2027 3
7 18
907 0
189 2596
241 624
662 298
1107 33
1993 0
671 200
105 1
2135 752
5255 0
290 117
3087 28
6 89
5479 4542
138 33
1975 1
2317 232
377 3541
0 2
2 1156
86 5975
5951 489
27 1039
893 330
142 728
15 330
1652 33
3285 4
1072 117
3214 0
314 1617
208 52
5747 76
389 1
5753 1763
1068 1
1489 92
204 0
790 3355
703 46
6 266
1475 1
804 2587
1791 2939
1907 2
2748 1
2131 1
170 3
740 33
6401 1
3402 2
4650 8
5989 489
1009 0
1712 131
3985 1
6254 568
4925 3
5110 1
3800 0
2248 1
15 1763
303 3
6534 1
5940 1
550 0
273 52
3782 3
293 57
1821 1
2502 4194
73 3166
5590 2130
3165 3
17 47
2106 18
3601 851
3711 8
4309 512
4383 265
6654 675
84 1
66 532
3316 0
195 1192
4857 0
6268 33
4 450
2643 2090
50 0
1048 1075
6281 0
2185 355
151 258
916 2891
12 68
6060 3915
0 1192
2895 1701
5448 3919
1307 1815
2150 548
4026 117
4117 0
1372 1335
4384 3789
405 4
7 336
4956 1
139 216
2798 3
4268 3
3283 2761
4401 422
4547 76
6636 1
102 33
2226 1390
1282 33
3902 2006
1 8
4017 568
3196 1
665 33
2076 0
4865 480
4618 232
73 654
148 184
208 355
3125 188
6521 33
5373 3
148 47
81 4
405 952
49 1330
10 8
181 33
1837 4
1007 117
65 1372
95 4372
470 1
3265 43
1206 4789
3603 127
3949 1
3075 1846
1300 1
1005 261
4802 1
1489 184
5488 544
3345 44
1961 806
3777 33
402 3
1769 1
6055 1
1662 852
541 20
2795 2
5200 3
527 33
217 0
2107 4
4731 395
5870 0
904 80
4133 3
5404 4
991 101
403 516
1470 2
631 2
1717 3
2480 1
2743 0
782 0
1265 76
678 113
27 33
3644 4
4978 1110
162 776
785 125
2709 1
6211 1
0 1511
2 353
292 3703
316 1
64 42
1223 92
2689 125
3795 1
1402 1
3986 770
64 89
27 847
687 227
6 4195
6612 1318
1472 511
2167 353
1368 0
1297 4
179 553
2879 4
79 0
6310 0
4692 3072
5165 774
3223 3171
142 1082
3438 3509
1311 380
12 334
1264 863
13 1763
6089 3
1748 1
3008 557
1145 44
3162 194
5911 334
2190 117
2569 44
850 3
3268 2182
2740 3
484 261
162 1
2052 13
1895 80
5370 1196
4263 2
696 596
0 91
313 4
6 33
299 41
1444 3899
983 3
640 107
4732 0
366 3
4960 4164
5381 259
4266 4
359 1466
5300 373
6162 3269
422 384
189 395
617 336
5770 117
5197 3348
915 1
9 78
483 3
5806 766
3849 1672
17 683
3281 958
4161 4
426 1589
1931 346
3089 3
720 5113
449 0
2657 1
2359 89
1674 8
3818 1278
4542 2382
3425 4
4797 0
3525 33
61 4
246 0
122 18
1517 1
1029 101
2605 3
259 33
3876 4
4934 42
4061 0
27 13
6443 1
1246 336
828 217
1915 3
795 0
581 511
68 2034
2343 184
2546 4
956 117
2475 0
1881 0
3771 4
1017 1
525 232
339 109
4081 1196
5982 1
1863 1
1246 29
2087 4
311 0
1194 2452
1550 501
480 4
409 8
1829 2
230 80
68 267
504 394
4034 2212
2855 3
326 967
4141 194
4683 3051
2738 1295
2994 741
5600 109
5914 3
5262 5403
274 1289
1363 1
2138 270
68 41
2636 1
5170 994
5486 568
394 1
2873 450
6 114
560 80
138 10
1480 1
4742 1
9 3190
2507 733
6 13
1055 2
617 18
191 3
5885 80
2559 1
5857 5215
57 43
5211 1
6697 207
2836 2655
86 2266
228 4
157 0
1652 125
1853 1110
3389 1
3415 3073
1243 0
3444 1591
379 1
308 3
2767 258
4773 3888
497 510
9 106
123 4
273 813
182 1439
3506 1
3645 18
4446 3
2277 276
3472 0
759 0
71 2
3303 3
293 4
1342 1
2183 0
513 1969
5688 46
3022 1
5641 1764
4508 896
387 80
2405 1
4169 152
1740 3
1759 353
1123 3
148 771
17 6407
6490 0
539 114
64 18
373 8
3420 3
563 120
1212 6159
842 1
2307 806
225 1
480 194
2522 1
515 10
2769 0
2 75
576 108
376 2
639 3
0 1916
2751 1
3676 18
4108 290
1515 8
358 1
1444 4
2470 3
3837 1
6042 80
1630 18
585 44
324 0
4690 1
4870 261
5758 294
571 1
756 3
1842 2
7 13
5943 1
6473 280
3769 3
6 207
82 353
281 508
1016 287
105 0
5192 33
6 94
3309 91
4485 3987
5045 3
2978 803
30 80
6283 2228
87 1
216 1110
0 3
75 1657
5391 752
556 8
423 3
2802 622
5819 2694
460 4
1756 0
5888 33
191 261
1849 787
1280 18
4280 336
1105 3
170 0
339 1419
1441 1
265 2240
2785 3
824 125
2714 1
1256 0
351 80
449 200
2582 8
75 18
4308 4
3199 1
4607 8
303 2
485 875
2160 766
255 261
170 2969
1821 0
1935 8
142 1763
268 362
2230 1
1636 1
1044 5079
192 52
3184 516
6608 8
202 117
19 665
2737 300
406 107
10 768
3753 568
121 3
1223 8
50 1
70 68
4659 1426
6012 626
457 1
471 1439
1805 494
3359 900
23 214
2444 1433
1333 1501
1136 1
3392 1067
3488 2346
4558 0
1303 1
2 47
4805 1
1550 2
188 774
5190 3525
0 4316
871 3
2870 2102
1819 47
3912 117
405 3
2551 3
2047 18
803 1
606 598
2292 1280
2076 1
371 3
6008 1
618 0
5585 336
5320 3
122 1526
6568 0
3569 1
6684 246
819 856
1245 214
3128 0
566 2
1035 2341
3967 654
2863 0
902 0
2383 1610
1348 80
3589 46
285 2
2448 213
3764 4
3088 3629
5419 4
6006 1240
617 2991
5922 117
2369 3982
683 0
1436 1602
3915 1
669 45
2631 266
2836 2694
398 125
402 0
2992 752
1091 44
5438 2
14 141
5685 3
2255 3975
4750 0
1751 1
3436 266
1664 3
2016 1558
6501 4
368 4
3344 3
136 394
1632 1810
3607 2
782 1
216 120
2106 68
1769 1439
2126 3
165 1
2660 1247
5698 80
2780 4
1868 1
2709 0
1004 0
1251 1
1180 3
316 2
3548 1
3573 3082
4904 29
3192 43
6177 1
3909 8
2546 3789
5413 132
406 119
282 1
529 0
3433 80
1274 68
1368 1
504 0
1631 0
965 925
13 256
88 511
767 1
5037 1
3267 217
1232 2820
1358 3396
1776 29
3130 195
3894 1
116 4
1532 774
3030 0
2318 188
103 270
126 117
2639 2624
2469 3416
44 184
82 7
84 1405
11 1
2308 1
3233 20
850 0
1232 6596
4228 517
1 1924
864 172
2041 346
4951 3
338 1727
1103 140
3615 540
1918 3
181 4
191 5558
1784 35
366 0
843 1179
1662 4
2631 200
104 47
4048 300
570 852
1856 623
3157 0
6563 1
4627 4
5969 1
412 2499
1628 3
5048 47
6679 183
142 768
454 630
57 232
1157 1431
3459 3
113 1
1091 8
4568 3
355 92
281 1121
598 8
5917 3
527 4
1560 1
6151 28
5751 234
2207 4
377 357
227 1866
13 783
431 0
3571 753
0 678
61 3
3222 0
9 2156
2358 3
397 1
4763 0
1982 90
1929 46
2605 2
98 8
136 309
4374 18
1412 3
795 3
559 90
730 1780
921 473
68 3670
2566 145
1783 184
576 1
5118 1
2032 4
5807 217
1246 2
1506 183
311 3
153 97
842 3732
6041 353
2428 263
4946 33
3102 1
348 4
1550 357
462 4
5050 3
17 1439
0 363
1249 8
92 1
3870 10
1 2538
3010 88
1843 266
499 1
1091 1041
1610 3
0 282
1946 1
2858 4
2673 3
1258 8
3595 511
6070 80
3855 1
6 2
3586 1302
2777 1954
2930 1192
158 217
1462 1
6101 1042
4578 324
6050 4
57 42
5865 3
6644 1
3389 0
843 544
110 33
6575 1757
578 2147
5177 1
1096 464
379 0
5847 4
697 107
962 1
2121 29
6045 33
3037 23
273 812
2 1762
588 203
5 509
22 1077
95 5778
398 164
1360 3
2897 637
1861 921
2286 1571
179 55
4453 1405
243 1384
667 282
4185 651
13 2520
725 0
4412 502
550 117
1963 214
5134 13
6520 570
1626 4
4143 2130
4884 776
2210 46
1109 91
1530 0
227 737
2371 1
1777 1
4776 0
1517 774
5353 1802
5130 5659
593 1200
5693 4
1741 5674
2100 368
1981 8
1412 261
650 2800
376 3
429 7
1725 3
221 229
4022 3
1037 1
5563 1
2445 621
4724 3
1816 1276
4852 120
3758 505
1563 89
1876 0
2717 1
6219 1
5116 1665
196 52
1535 341
5973 967
381 80
3556 0
571 0
1375 700
3159 229
1363 28
978 2
1225 3
3115 3
1154 1
2251 0
3393 357
54 41
475 4
217 5940
6039 1345
1207 4
6336 1
200 237
2217 1
2398 64
4548 1970
3090 334
3219 910
1975 3
2358 2034
87 0
1338 68
2985 4
0 4
3101 334
5581 33
727 80
3152 298
3370 369
161 119
4172 1
53 1
4191 871
5258 4
6095 5663
4508 3
2350 1
4842 2485
6120 188
929 10
2782 4
5444 766
6682 1
6139 2069
1442 200
4573 596
858 3
4836 334
3797 8
5788 5519
7 758
156 44
1441 0
2377 3667
3223 18
4959 0
6340 28
165 266
1271 298
5613 3
136 0
4241 43
5860 4
321 4
1423 1
412 501
2936 1
6198 1
1940 2608
374 3
3350 2
273 42
2381 217
4809 2133
2918 0
3587 117
118 4
9 752
1134 1644
4706 3
175 199
6420 234
2523 8
6030 52
5042 1
3748 0
888 1022
5 516
84 3
1170 2
822 817
6236 5289
4090 553
6128 1
268 4882
2938 968
3714 3
4519 4735
6661 986
5271 1
6314 183
5440 3
3282 1
3358 1926
4839 3
457 0
1568 0
3231 200
3561 78
4387 42
5679 117
3079 4
439 1
22 43
79 46
3388 2764
3680 3
3959 4774
1063 896
2952 428
2056 353
1823 622
116 33
3183 33
3884 4
1192 18
0 1992
6451 1
243 2014
6698 2
1292 117
11 996
1667 3
2764 0
2002 654
1050 3
4035 1
2076 2
11 117
4888 1
5701 33
2298 1
5805 3
584 0
782 1101
5316 80
24 119
2899 1357
5842 8
488 4
566 3
30 1889
401 627
3464 3
740 1810
3181 4
150 890
4404 1
6424 623
285 1
2505 395
0 159
4927 4735
9 199
6331 0
5737 0
4617 1
1300 3
4989 5299
3730 4
9 80
301 1276
66 3
525 1372
1078 136
2980 3
347 534
402 1
649 0
2060 33
3971 131
5992 97
982 396
6448 2
6454 4784
2329 0
3696 0
3330 184
800 3
4133 1
2144 1
2969 80
2752 320
6430 1
0 3055
236 4
3007 2477
2126 0
165 0
4506 4
226 46
5789 774
15 1398
4321 3
1529 2130
131 1
26 361
634 2
445 353
122 478
1905 3
4725 106
1834 1
970 0
3538 232
353 2
1551 172
1017 107
1887 4
3747 117
5934 334
162 603
610 349
6603 8
9 1192
301 4
617 4023
1890 10
5317 89
989 183
82 117
1762 2532
49 68
5682 1
4818 0
6096 4299
0 3320
82 4
64 519
6565 45
11 0
301 806
4684 1925
5106 263
30 1552
794 2957
2811 3
850 1
4096 1
233 1
4248 508
1388 2349
5886 3
6414 1433
9 5539
2345 3
96 263
2530 1
5605 1
299 3442
1743 46
6673 78
4252 307
1733 4
2362 3950
2717 668
3032 114
409 543
798 3
1352 33
1458 546
2759 1
5164 0
181 3
57 13
366 1
1200 117
849 89
1149 78
542 4
2478 3
3589 1
86 896
488 399
3062 205
332 0
2844 944
79 6378
764 3
1921 164
2193 258
2780 3394
6193 3
2876 1
4664 0
298 3
6619 361
4868 394
1044 44
5648 1770
5263 3
1081 33
5756 46
4214 1
3449 35
95 1
1204 473
598 120
431 3
515 596
6068 1
23 341
61 2
2480 47
941 2826
644 7
1214 33
1237 384
1664 270
4553 3
212 1
583 18
3572 125
970 213
1565 194
3620 3
131 125
64 8
302 246
5105 943
1449 1
5 1073
3107 33
961 943
6224 1
140 68
359 80
1264 0
469 752
5797 1
718 553
1716 2596
3212 668
3563 688
14 1200
17 1404
2014 117
1246 3
2101 117
629 3
5948 2
558 1
1900 4
2926 3
4396 3
980 450
230 33
2670 4
5846 3148
2658 596
92 2
1363 3
2204 0
7 43
2066 33
2017 2
897 3
849 266
3290 0
4584 1
2426 3
465 1
1315 117
6118 3
1563 1511
826 10
1144 1
4381 4
24 0
777 582
5430 1
138 8
926 33
4813 1
4105 194
2052 2990
6 3
191 13
1224 8
3238 2
394 353
413 3
731 8
2468 194
707 4858
57 41
845 0
989 752
1290 159
4810 1384
35 2902
3994 3543
1731 872
1144 334
811 1
2169 46
4313 1
5415 10
3939 2461
2084 1
379 3
1281 353
532 173
5159 1
3170 1
2 1763
5998 0
1771 1109
320 450
3136 0
2047 2568
1963 43
3321 4
124 6256
327 1
934 43
496 3
3802 1953
4077 3053
1845 3
2633 10
10 1429
411 42
2979 18
5276 1
3118 3
1157 1
4844 3
1494 450
3957 0
1996 0
5745 1
4564 298
444 1
677 125
74 2
237 1590
2257 8
2329 395
1362 3171
1530 1
410 0
2135 107
2618 3
268 422
54 627
6000 32
4 1656
3767 33
4511 3
5878 1
1496 0
1264 44
2105 29
6029 1
4002 2182
6375 1082
1055 654
376 4
1482 78
5901 71
2897 2010
5156 2
790 1
1037 0
119 953
4591 23
5193 3
10 5459
1824 428
4258 0
3419 234
2264 408
4281 865
2623 4866
1107 1889
1050 44
2436 0
497 626
243 114
1975 380
286 194
15 512
1927 505
6589 336
57 6295
343 4
935 6164
3802 123
5025 76
519 1
2 2888
134 33
688 3
87 3
6318 1
494 3
2368 3
2539 42
124 4
2250 43
3038 0
53 0
3636 117
238 4
4579 0
6693 172
3951 1376
449 307
4209 3
2119 447
124 123
1919 2466
5409 0
19 1
204 3
6307 78
1537 3
3683 3
1722 1
4962 434
5223 1121
858 0
848 246
5560 3
3402 1
64 1321
5206 0
65 3412
2838 117
2757 107
136 1
3432 2604
193 80
3368 0
4740 4
0 752
4970 763
2073 2370
189 4
1238 1
828 4357
2931 265
5076 3
165 107
1090 8
6144 78
4459 3
1204 0
3094 4
6227 1763
17 44
1170 3
3316 3
491 2
1362 795
2823 167
2628 13
2087 232
550 368
1340 806
471 1433
3245 6326
2510 721
2903 10
1136 3
2580 95
5976 229
4192 1703
163 501
5361 2943
439 0
1550 0
2560 3
69 3
1525 0
2309 80
405 1
6337 8
1084 1
165 1109
1853 194
6522 4
6088 1969
4490 0
685 202
4737 1
3921 8
6266 1
970 560
186 3
2076 3
5839 1
2657 3976
1025 2794
2915 4
6181 2461
385 287
4456 4
6649 3728
1367 752
4941 3
103 603
148 42
920 3
4253 1
3857 1398
2459 171
5411 319
5457 45
637 4
5349 23
4428 41
566 0
5092 0
3892 76
3859 125
171 8
3110 1
4651 3
285 0
100 1
1186 4
265 44
1330 852
858 117
507 1
237 152
497 43
5 18
6435 33
3051 0
9 2315
765 642
1025 3891
4855 1
371 3895
1674 384
2363 2
4768 3
2610 1
2076 741
62 44
9 928
1333 117
5198 2341
0 557
2576 0
887 0
5275 357
14 2
288 232
1670 239
1285 3
27 2521
2710 334
0 1355
151 2304
2533 1
3582 4
5185 1
1868 3
373 3348
997 4298
202 4
5768 2348
131 0
6618 0
3363 1
13 92
876 68
142 384
4472 1
2828 1335
616 665
5719 3166
122 334
2528 1177
1141 353
5318 1
936 0
4454 0
1915 838
26 8
4622 2380
3566 1882
504 2
12 107
2518 8
5351 203
2217 627
244 2352
6381 1
3311 2
301 3
454 5195
3479 2006
6123 3
55 52
662 4
1420 80
2299 8
2228 4
142 1192
452 0
487 681
2453 1177
699 1
4201 1
24 263
11 3
10 2642
2813 2379
2322 80
4908 18
2379 1
1785 1
6071 1
5175 76
4493 852
5216 3
5383 3
2 629
4149 3
1079 0
566 125
215 1
3291 4798
5656 298
1918 1
674 18
731 47
127 1242
5855 1069
494 1807
2904 45
1304 52
1610 560
1850 3
1408 18
693 8
986 2
824 217
2876 2
915 2
3740 3
3061 10
6251 276
1162 1
27 450
6702 125
3511 5136
5799 76
2772 194
4399 3
1901 741
2225 1
4744 8
4982 232
4503 33
6076 2906
6540 535
95 0
4365 0
3327 1
1366 3
6269 5190
1993 1403
749 3
4180 1
3046 3
61 1
4587 1
1100 42
1147 1
3815 18
1730 0
2073 768
2571 1
866 3
0 2794
60 78
5 603
1915 4
13 64
178 1
1449 0
2546 3
6376 6498
4640 2297
5313 2734
1649 33
5550 1
576 3
3238 1381
4794 953
5530 117
6206 1
4198 33
4311 258
10 568
5331 3
965 0
126 4
5715 489
1296 42
102 29
2308 80
23 1411
4434 2054
5344 101
7 42
137 516
85 838
746 0
1094 246
12 508
191 3509
1223 534
897 2
1663 4
2460 298
465 0
57 334
24 1
1019 534
447 1
3441 4
108 783
879 2
2877 8
2114 1288
316 1372
6 0
4775 68
360 8
2374 2
3275 3041
4779 1
6308 107
2957 1
6459 1
4498 3
882 4
6388 8
13 766
86 28
379 2
3974 689
4694 94
5762 720
4680 952
2738 3
1437 125
616 119
14 216
650 4972
2050 1
4521 92
3577 0
592 0
4949 4
1776 814
1632 450
89 10
75 107
22 598
574 3
5128 394
3187 622
1847 596
151 5923
2871 3
5054 1916
1157 0
27 125
3074 122
2414 2161
17 71
108 0
1379 1
3523 481
3984 125
1308 3
1473 68
1104 5056
4854 2568
74 3
2992 198
828 1988
4421 511
410 1
525 184
2048 46
657 0
64 3789
1119 80
3891 1064
6509 3
867 544
3439 0
6685 0
6154 1624
2456 1293
1785 223
1012 1
2921 636
3988 0
2100 7
139 1
324 3
310 42
3803 3
1842 1
4378 3762
5729 33
978 0
68 8
4656 3
1999 117
5772 2311
625 929
5141 4
1808 0
3473 451
2905 1
5101 455
104 828
162 68
256 1
1361 466
64 6011
1490 246
1762 6183
3751 1
1443 2624
3920 3
494 0
497 812
65 544
4796 3141
3038 1
57 68
5 172
4113 683
3862 752
1139 3
3004 0
19 0
5111 33
6339 1351
2700 265
4565 205
426 2
33 172
379 46
4104 1
57 806
241 1
6301 5291
5 78
1015 117
1688 1
4963 71
859 489
1009 4
2217 1644
367 694
6380 783
136 2
2724 101
12 1177
3631 0
2433 4
848 789
5093 3637
3952 207
189 3
1150 1522
1460 4
621 0
3597 1
3807 720
6081 113
2301 0
836 3213
5531 80
250 1886
68 2526
13 2379
1170 0
1065 366
14 752
2196 3
6537 1
888 623
3714 1
687 203
121 0
2850 0
1559 623
3846 5210
3710 199
704 1
4563 2130
2461 18
103 1
16 3
3838 107
304 2010
671 852
3054 2
3301 3
4272 107
5636 489
2366 0
405 0
5631 263
819 2938
4154 3
894 246
148 358
556 427
4238 1443
760 246
581 8
709 195
3137 568
6413 195
0 1657
6417 0
371 4
98 852
7 114
2872 1679
840 29
4713 18
148 68
236 2646
645 1192
5805 1
1001 46
584 2
2086 508
2282 2896
6214 0
2402 33
577 1359
3983 1
10 52
3052 43
565 806
566 1
4557 394
1929 1433
1837 0
11 4845
5396 3053
4585 1197
542 46
617 239
1994 557
2246 1
1652 1
3586 4299
600 2799
532 0
5058 0
2489 1248
5602 4694
4219 4
6579 675
6146 2
3076 1
322 4
1961 921
507 0
0 768
593 2771
754 3
3673 203
905 3
3078 2794
4371 1732
13 1522
53 261
6691 243
163 1501
440 182
309 4952
5253 3
119 4
321 117
32 0
4574 0
217 4
4303 450
2895 35
1488 3
4821 1
75 5559
303 178
14 3
5651 1
1584 365
5595 1431
853 0
782 4
2965 2
4540 246
275 1390
1785 1101
4844 68
151 239
579 752
5185 0
819 1
1004 3
131 3
292 5522
2499 1
84 33
3424 18
5848 239
5167 1
72 745
2845 334
1734 1644
6584 0
835 952
3369 768
4454 1
1199 0
339 194
1544 7
1853 3
1729 29
5284 1
1165 1
4229 2826
1145 2419
1 334
5003 3
5753 1
49 122
106 125
175 654
640 1571
14 776
509 80
2664 2479
699 0
0 2006
2307 3190
2497 44
2996 2
11 2
1353 3
513 324
1282 1
6141 363
4272 373
4652 8
816 2
51 783
6446 0
1936 3412
1486 3
1733 2
3066 44
2759 3
618 261
776 6627
1883 1345
4030 0
4300 1
72 353
181 1
497 2432
4019 817
5818 3
3180 275
851 761
1884 1
104 18
1267 1
1475 76
2070 78
2039 596
4471 334
5 117
298 1
104 1564
9 114
3384 2986
3351 18
363 557
289 450
5334 3
1485 172
166 8
521 239
4646 1
5988 4
1647 0
142 33
13 1383
6397 3
701 270
95 3
9 4596
3060 117
5451 3
61 0
175 8
583 127
1245 866
416 681
644 1
27 1
1845 207
4742 1953
6504 117
4112 0
795 4
64 10
249 2
5568 3
100 2996
3225 3
5445 835
2546 0
353 44
519 1121
2945 356
144 1
12 8
731 1696
2 18
2256 4
5763 0
1899 297
1939 1902
6276 80
4012 4
6172 1
1212 0
2053 1
4643 4
6206 5485
66 1904
677 3012
817 8
49 102
6499 246
4743 33
6577 544
3139 1
2365 384
3475 3
1911 1176
4415 1
614 8
1862 232
2426 1
5254 1862
712 0
162 33
4527 2524
9 466
447 0
744 1701
6554 18
694 3
1664 5088
4125 29
3360 47
77 3
5852 2864
6 1
14 4633
1874 3845
4532 1
5717 1954
413 1
3336 8
114 8
1862 1393
3028 4
1092 1
228 0
4902 334
1499 1
4020 353
86 29
6580 2703
5083 3068
2491 3
545 44
412 125
2453 451
592 1
4862 828
5196 4
1792 4
5119 1411
574 0
3714 361
2439 1
5347 1
1299 101
364 4
4659 3
293 0
5930 0
498 766
1744 43
108 1
3084 0
1379 0
1806 263
5 557
1720 68
106 622
13 18
74 0
0 1443
3306 3
1345 1
6528 1501
4863 1
2015 4
3889 0
1928 0
5261 4
3025 1
444 353
1496 2
13 3592
598 582
0 6505
1759 3
2394 80
4691 97
22 2
429 4
1478 1
1725 0
92 450
1658 229
191 1566
210 117
2134 1
3405 0
2541 1
1472 217
210 4
139 0
2872 89
6626 0
2466 1718
1524 229
1363 33
978 1
3186 0
656 261
3057 508
3300 8
54 44
1272 229
315 688
1808 1
944 0
4496 1205
394 33
256 2
1855 1089
1823 203
4639 2054
5561 368
0 4783
0 7
309 3
3556 752
299 117
645 2078
1911 1331
1324 1
1571 0
707 1
892 3
322 33
35 1192
124 117
19 3
440 44
294 187
1537 1
85 270
2970 0
241 0
25 1267
5391 3
649 489
3217 1
2353 2
5956 1763
4157 3
136 3
1850 282
326 266
5172 1
19 334
2808 207
4038 3
1053 1
27 171
5826 2
1091 4967
4726 42
6479 741
3354 76
843 13
2362 18
1214 108
2733 1
5635 568
5323 4
98 92
1286 3005
340 1
1426 4
711 18
3279 10
57 737
2160 1260
35 450
731 865
420 8
3195 3224
2921 3
5734 768
5932 1208
3097 0
782 762
5925 1
1568 3
3470 1815
4304 4716
2816 0
103 0
4444 4
4373 0
5740 0
1939 2160
1194 685
439 2
757 3
5015 4457
686 1
83 44
102 248
301 29
2307 548
98 627
3308 6445
1491 3
25 20
5133 3081
5274 806
874 3
4391 194
1 3
497 540
2367 1362
116 194
1457 0
6370 33
545 3218
3300 44
588 1104
1272 1
2697 223
5249 29
5752 10
337 4
409 663
584 3
118 2647
3816 2
1929 1295
1007 3
1174 1978
23 1192
13 4549
977 52
1148 515
134 3
1254 0
5771 1
346 109
1523 33
1874 117
3798 1
5465 552
532 1
1503 752
5 143
939 1
4441 1
100 3
3076 2
11 3634
1408 8
6553 3
507 3
1618 1
6631 334
204 33
683 4
4935 474
868 8
2064 8
375 8
3113 3
3550 232
549 595
180 10
5941 4
6204 4372
2681 1
57 2069
4464 76
32 1
2233 752
3264 0
1319 0
4574 1
455 1
1566 3
2327 534
4213 3976
1973 3
0 5990
1134 1
5844 3196
14 0
970 474
5209 239
4859 2166
1214 8
4051 1
4739 64
13 90
785 1
4287 3192
600 0
2465 1
50 33
4155 246
3534 75
1341 125
865 172
885 33
1199 3
2280 0
2209 4
3567 1
582 3
412 783
3743 2
4550 4301
572 45
975 80
82 225
686 29
1664 865
301 1
2969 4663
1226 62
1129 3733
5321 3
2004 1
2935 232
1182 1373
1387 1
1316 3
452 2
2450 8
4140 23
5472 0
82 3
2996 3
176 68
1832 33
233 117
418 1
2626 0
243 44
4025 52
197 1335
4432 108
4837 3
256 91
1767 0
5876 24
816 3
1743 43
0 80
3447 0
5217 3174
2184 273
3694 3
2496 3
253 3205
5164 3
98 4166
181 0
1386 783
4337 3
1020 1
1267 0
147 1
440 117
81 1617
332 3
6634 3
3564 2
579 2
3811 3
1850 1
5547 171
986 0
4745 117
878 18
3194 3
130 852
1233 1
828 1039
2913 1
1694 33
696 4
1618 263
3759 1
3928 3
1087 88
95 2
1181 3
2376 4
14 28
1542 4
5019 1
3374 80
377 474
2780 117
2867 2722
3095 782
3886 239
4696 33
1033 101
60 217
98 4
1147 3
2348 489
27 0
3293 177
3259 1
6291 184
249 1
743 5021
411 2259
0 1254
2512 0
1678 0
3689 2259
197 3
2643 1439
382 1
2290 141
6472 1345
2261 380
6352 1475
5146 3
159 91
2140 1679
624 384
3723 122
456 18
4714 1
2238 4
3350 4124
2684 76
5985 0
4007 258
4134 654
4389 835
931 3
403 2182
4403 4339
456 97
1178 0
1487 62
1040 33
4495 363
5279 3
1158 2985
907 107
2820 68
3873 4
1144 4
24 3
1382 2
447 3
105 184
765 4
4304 18
1486 28
2345 141
792 8
77 2
556 33
4998 5864
1174 3766
2226 184
3809 2011
6674 5179
2374 0
413 0
4162 3
4205 95
997 194
4569 3
4883 33
3204 0
2488 1054
986 117
3707 1
4721 5052
133 18
1475 43
2155 0
5584 1
379 4
1465 1
308 8
4983 1
577 2237
5376 2761
2809 3
479 33
6240 1
6292 336
30 565
3724 557
997 1589
3672 117
2400 55
2942 3
2030 4
731 614
611 28
86 5611
2686 4
6527 820
1811 1
1080 117
4356 1310
1794 3313
145 8
4092 1828
330 4
1379 3
3491 1
1555 4
5733 557
5831 80
71 287
74 1
1820 480
1911 33
2073 994
765 4388
5727 3
278 159
506 1972
966 8
643 55
2475 99
760 399
4562 2417
4582 0
154 8
1496 3
1065 18
1483 783
3979 18
1142 0
4040 4
22 3
5412 0
2493 1383
429 3
4245 33
3686 1
2566 0
348 117
4093 1
814 910
1017 258
23 540
6239 78
764 700
139 3
1410 0
4130 3501
1913 1
793 2
7 8
3186 1
5700 480
6592 0
343 1
2108 378
256 3
5939 3762
926 0
4675 1
437 125
5653 8
920 89
15 336
593 8
707 0
104 107
1978 3
512 18
5601 3620
4323 8
0 806
436 42
1604 217
2202 4
243 544
426 0
3436 125
4792 1
4261 194
6079 0
5456 2380
5540 4256
5709 3
5638 1
1512 0
4774 0
253 3328
1775 1
431 486
824 2
844 125
1087 3
6525 4
2603 5561
4564 4
2097 4
2413 3830
2535 366
2083 121
368 29
189 1
0 5898
2557 3
640 515
2486 1
454 239
5138 1
6111 2314
4274 0
1275 1
579 534
1204 3
64 1657
340 2
72 1376
1265 43
23 4695
3634 4
37 46
3238 4195
5726 395
4664 631
5660 13
377 3
1264 365
306 1
563 2558
1545 90
5959 3
3176 1197
5095 0
1777 33
4654 1
2252 1552
278 42
6638 264
1151 353
1574 46
103 3
1264 75
6334 1
1621 1
5645 18
2252 10
7 334
1923 0
2429 766
35 1
2500 2532
1306 2
813 18
2579 0
4049 80
5259 185
782 1335
3518 237
1 2
7 108
1791 4
430 3513
2483 4
360 1993
5607 766
702 741
647 28
523 18
584 4
3018 258
2173 2599
0 117
2696 2
1069 3
2095 0
134 0
2934 1
5782 384
4438 117
4186 466
1760 117
5993 1
588 474
5431 3051
1010 4
39 18
158 4861
2900 0
2478 90
507 2
2743 1382
3483 3
6 1988
2025 0
711 2177
4423 1
6175 44
701 3703
3123 89
649 4
1920 3
3264 1
0 544
455 0
1566 0
2094 2608
702 3
2315 489
85 3
982 499
2999 3
14 1
4203 4705
5880 2734
4787 0
6235 511
317 80
5237 568
324 1372
236 0
1436 3
13 200
1066 0
6213 1469
5282 6687
2746 0
1470 5289
3035 2457
4194 766
5400 4463
4735 13
64 95
1388 42
4886 1
5565 324
3260 633
1023 1
1800 4
4269 1
0 1051
936 3
150 13
335 3
6566 1
27 2054
1853 1
5935 1552
581 200
486 4
4519 334
163 99
6363 3320
116 1
874 213
5909 4938
6119 80
1400 373
497 1426
82 0
5472 1
5583 1563
11 4
3883 164
5735 0
4615 1
966 540
3465 3
6142 2
2023 4
498 336
7 80
4590 3
405 2713
1767 3
2881 117
647 0
1150 3
3547 568
4835 545
893 42
215 2
1424 2167
37 1390
2089 10
1486 1
15 5202
4566 107
869 1
2981 3
4319 353
289 117
1452 0
6416 68
6659 0
989 2484
5201 1
6216 4425
1020 2
11 2228
218 4
3583 3320
147 0
2915 400
1793 117
5662 33
986 1
6069 33
2481 3
1517 328
530 466
4717 1
5013 3548
6561 261
5732 3
6558 5182
303 80
3478 0
749 0
1332 1
468 0
715 1
1181 1828
27 3
1298 0
4928 117
1545 1
6647 3415
27 944
5443 2687
4535 0
13 125
2840 33
3467 76
5160 207
4350 1
3420 164
5621 0
231 1
268 13
3757 35
139 5187
1625 13
5180 1
64 298
4316 0
4046 3
5276 620
2494 0
2455 1802
2907 313
2810 548
281 200
1533 474
1576 229
3756 3
4011 1642
2095 3789
496 3519
148 280
314 0
3546 3
3173 1588
0 287
2858 1
6412 368
645 1117
23 729
1663 1
5933 1
286 117
698 93
1766 266
2824 0
6157 4
24 4
2258 1264
4196 1
5282 4
1965 0
5467 0
77 1
1126 4
2991 13
4603 1
4532 3
2189 3
4850 2
7 2054
1028 1156
2374 1
660 0
1931 1
228 2
5815 5080
2340 0
3364 3072
1746 0
6103 4
6 2045
3286 3725
5324 365
477 1033
9 3
872 117
412 200
3426 0
1101 92
15 29
2306 3
5847 3
5230 3
3674 2054
4080 13
247 4
3331 47
160 0
2638 543
4998 733
1447 1
1485 334
5813 0
6576 4
1271 349
27 336
64 1392
14 78
142 3
3136 4
5964 3
3905 4543
2757 4
3806 1
190 783
1167 55
3189 1
2224 117
5066 1
1827 925
4170 90
4480 1700
2378 1078
108 3
6495 4861
2220 1
259 3
1825 172
2172 266
818 814
691 4
210 3975
5464 3
699 1553
5265 54
1253 694
481 0
2157 1815
3687 117
4361 1345
40 1
3272 0
4829 0
3704 3
2740 3142
2928 1082
4499 1443
2642 264
2091 18
22 0
2152 4
376 8
6066 2
4843 2761
2217 1404
6475 1
4514 3
827 0
1307 282
4329 0
4245 258
159 207
1410 1
3737 2137
1238 2761
1913 0
2187 910
4224 3
2137 3
2605 1196
55 287
537 4
2473 1
4894 0
1808 3
408 80
5854 2178
10 140
1207 3
6645 4
2217 4
256 4
590 3
2 568
439 621
6 80
1274 684
195 2789
674 2842
3646 812
2445 44
309 1
674 89
124 0
4288 515
4641 1
707 3
624 2751
90 3
6321 1
9 5162
6126 1019
497 3
3507 172
3775 511
3905 1
15 113
5462 3
1473 761
3436 141
1650 795
6464 3218
30 534
142 108
234 1013
2329 2331
1585 908
4 117
6528 131
13 2069
398 5469
64 1372
1369 297
1741 1
14 42
89 107
2325 27
75 8
1492 2901
2150 0
189 0
27 173
412 353
772 1
1218 113
155 1
175 194
6109 6004
4874 1196
5360 1
923 4
657 80
3353 3
3117 42
5721 8
1911 4
81 1286
5657 1092
4478 3
5071 42
2103 553
5473 3855
2604 18
130 99
4383 20
4222 4
1682 117
3936 3
1172 987
1246 76
3444 282
2215 0
37 400
1621 0
3486 3
1550 4
4199 300
5027 1
5891 0
301 27
504 89
2869 3
55 44
3230 4
5142 117
1422 1302
106 4
1192 23
35 0
179 752
15 5418
82 29
689 3
874 1
14 1422
1235 8
1286 3972
390 125
840 0
769 4
608 44
1746 1456
5629 1
4149 43
3613 2372
2696 3
57 395
4324 7
6 2312
205 3
2095 3
134 1
3366 0
637 0
2539 125
87 35
566 4
0 229
4560 373
242 8
2549 44
1220 1
4722 1
158 282
532 3
3265 44
440 91
5 141
2611 78
1186 0
265 80
3174 1039
3730 1
21 627
4187 596
181 5269
673 44
4670 3
161 368
4413 42
1261 5157
4910 1990
1769 10
4076 18
5077 3
119 1
1297 1431
4389 1
1441 2315
1637 3
702 0
85 2
2382 0
421 0
6058 0
6106 3789
597 167
4170 3
303 44
711 99
6591 29
236 1
843 43
4753 0
667 473
1754 3
1312 18
3202 234
2199 5044
3002 4
131 4
4971 76
1032 0
1547 675
1217 4
6415 1
5821 1
57 2624
4082 998
3258 164
3372 92
936 4
582 1
6623 3055
1853 0
4807 2873
4235 1
6532 1
12 246
5222 368
3723 80
4968 515
4457 2
6640 8
102 117
267 0
514 3
3631 808
82 1
64 540
585 494
3243 4
5481 468
39 2177
3428 8
6207 1639
4524 263
1074 2670
6304 334
1936 1
3033 0
48 0
2668 1969
2416 1882
4405 4
5980 89
1767 2
2592 1
461 44
1074 813
10 68
4206 80
3015 1
30 3
363 994
3959 246
2036 33
4954 3906
6 1780
1448 6014
5235 3
798 4
5386 3
3405 6518
5633 2
3951 1335
4475 46
835 1
6441 534
1020 3
1082 2
4 2156
147 3
1877 3397
95 729
3450 4
5784 1
100 33
161 2655
2691 2
5519 3
1162 13
3657 632
4717 0
351 1
6582 3
3074 368
2144 4635
5257 97
61 4596
1124 78
4436 0
1181 1
2353 217
4612 3
2979 125
3549 3
801 477
3478 1
3796 4
5266 0
4402 3
0 6131
1703 13
530 4
19 505
27 2
320 8
2617 598
2210 4
2191 1403
5952 3190
3691 4
4327 76
23 54
2361 1
5 3328
543 4643
5394 766
936 3717
5949 80
179 2761
2944 0
6462 0
4501 0
144 4
130 43
4491 54
885 3
1953 517
114 6429
814 1
211 44
2775 3
1061 0
3243 309
5587 0
197 1
6403 3098
1231 368
5804 943
153 107
4296 45
10 548
6243 0
348 2
3580 1
25 33
595 3
1759 863
0 353
129 3
314 1
674 2069
3793 1
182 8
864 223
367 4
0 4695
465 4
543 1
4398 4395
840 88
3209 33
2824 1
111 3
3087 0
5748 1
6 117
262 3
1629 1
2868 330
5899 1
765 2
1244 33
6535 394
3926 1
973 117
77 0
6 4
3309 1
5050 4329
1548 184
114 7
1931 0
43 1
1255 752
1998 3968
228 3
964 2787
1665 508
2556 768
3754 33
1561 3
1746 1
882 0
2202 46
3858 3
1129 1
668 395
9 2
1846 44
3222 3834
1996 633
5230 0
114 489
3114 1398
228 353
998 837
655 44
3392 0
2491 117
2009 627
4369 20
1977 13
3991 3
142 0
588 80
1413 1
4824 214
4 33
1705 1455
2362 125
3141 173
3489 708
61 33
2685 353
1593 78
3829 80
3760 1657
5920 41
4449 0
37 8
577 3
1436 68
753 5290
1186 1663
1223 140
2033 0
5032 1
14 280
1473 4005
1592 1
657 4
1137 164
2803 8
842 8
3272 1
463 0
1574 0
710 3
2584 3
6489 194
22 1
757 44
98 763
4990 18
1293 0
429 1
1478 4
2986 266
4178 2
5378 1
244 0
7 356
1515 1
0 6538
1074 0
210 3
6136 178
304 68
0 1937
5175 3
5658 107
2797 94
608 1
3396 614
775 1
44 13
1808 4
390 33
1278 2
15 700
1429 4
3575 0
590 0
2226 5372
591 489
920 44
208 270
3473 336
5363 1
997 2
136 1455
233 877
309 0
6625 5079
494 4
228 80
1834 1326
124 1
4465 3
4394 1
275 1
6 1615
6164 603
2611 117
959 43
2583 1823
1408 47
3939 3
2306 117
1218 2302
497 2
3217 117
5183 89
512 131
1944 0
1918 4039
3905 0
19 117
1313 5218
1604 106
2809 29
4542 763
571 3956
4598 3
265 277
14 184
2221 8
2443 18
2335 0
1044 336
2582 3
5641 3
3421 0
2104 729
2557 1
6667 0
26 3844
1275 3
155 0
299 976
565 3897
430 394
1426 3
3443 361
3493 516
4924 68
4397 324
809 3
3131 4
377 1
5527 0
2581 43
3353 2
273 334
4108 8
181 2585
5342 1
960 0
121 4
1223 1
4611 2903
4725 1
2471 4
25 334
1806 0
6680 194
1189 2
9 2585
162 561
4110 1488
5219 1588
6467 1779
476 0
723 1
338 33
652 3
5312 353
35 3
1112 4071
4401 478
6 896
5240 3
6460 207
68 217
3850 1
5407 3
1 0
4053 1362
371 8
5006 1276
1704 2
4282 282
4102 1
1272 4
6470 3
1757 3
5188 1
822 0
471 466
5154 145
1069 1
2677 1881
3598 1297
208 234
4630 922
5339 4
5231 18
1010 2
408 1318
1509 44
208 8
2098 4
1186 1
322 0
195 274
1940 234
3554 3
5961 1522
592 942
2937 3
2866 1
1559 2841
1152 0
1869 141
4670 0
972 89
1437 33
3017 4
32 4
3273 4531
517 3
95 43
4597 2553
4204 1
5475 0
85 1
4355 1
4452 1051
6056 3667
1788 1
1538 1390
2376 122
5441 1
5309 4913
165 10
387 0
2743 2557
9 534
1683 4
17 3
4933 246
5099 18
4685 1153
5455 4013
624 42
4054 1302
255 4
1892 261
2129 0
168 0
2608 99
226 266
1222 276
163 263
1270 0
1146 18
150 3
2111 1
6210 117
804 4
989 0
885 223
393 1439
2014 18
2213 450
1890 4
2500 2379
3780 0
5074 1
5592 1662
955 1
75 2949
1634 1
3793 2751
3499 0
514 0
3664 3137
1769 766
2041 1
2882 2
5303 1
4221 217
27 1411
176 71
2194 0
1173 756
1600 0
0 309
5957 4
1785 4
812 2432
57 3992
1456 264
1443 18
367 80
1254 80
0 3868
1150 1
1795 2722
3015 0
30 0
4556 0
1301 1
2645 3
440 2670
5045 68
1955 28
2856 4082
0 194
57 23
1703 4718
774 18
3660 1
650 4
1841 1865
1719 92
1613 505
4067 1
3996 3
2330 4
3379 3
4232 3
2145 3
616 0
4475 6700
6294 261
416 80
645 33
95 1022
6653 4
351 0
189 357
3583 1
469 213
817 2652
19 282
1181 0
1366 4
3240 8
5370 1866
363 335
4577 445
1821 80
297 109
2059 10
4587 4
4264 33
216 91
2676 1
5319 4
1986 0
2827 1
98 3
3067 900
1076 8
3131 223
31 565
2395 3
434 1
17 239
1056 52
4853 3
487 4
4469 266
6053 0
11 614
6277 3
1227 394
1194 721
2343 1
2077 117
12 4
1850 900
197 0
1998 1376
4785 13
1548 535
5834 0
2309 2
6650 400
1027 0
5553 0
163 1
348 3
2610 890
34 5207
1489 3253
1002 0
1785 183
4126 33
2612 131
7 33
4931 1938
6289 505
543 0
5069 0
712 4
308 1763
4233 2658
195 5162
333 4
2223 0
262 0
745 92
1116 117
765 1
3741 2
6308 1
5714 1
2189 1
181 97
1326 3431
114 4
1931 3
3001 6023
43 0
5680 0
3204 3
1129 0
9 1
5642 68
4551 1
2563 42
2377 3
6 3166
1712 1
848 0
242 307
2387 214
1111 1
2984 132
3741 582
1765 4
830 3
3203 107
4727 2658
142 1
1654 2531
6481 8
2140 4
6542 4305
6359 107
4881 1
9 733
1811 2
2159 2237
1194 0
386 2245
4696 0
1044 4923
876 122
4481 1488
472 336
701 97
2058 117
390 952
6061 5280
3584 598
5446 4
1327 2
402 2370
1645 3
2408 1
525 4
1574 1
3049 399
710 0
6100 1
1832 2772
1644 445
4899 80
5395 1335
83 20
4795 3
5437 944
2637 1
2129 362
477 276
4574 4226
244 1
1577 29
395 1
3652 3
1194 983
1145 3
1074 1
44 232
2171 0
4330 361
13 3959
3000 18
5776 4
0 334
1377 80
5246 2
811 534
1877 675
1127 4
3218 752
1040 0
0 4997
19 4259
68 117
2147 1924
608 2
525 5984
4348 4
1385 334
4277 0
10 138
2852 517
1676 4
1809 621
4247 729
417 117
1041 4179
5761 3
5268 117
670 8
5329 1
1395 3
275 0
2 3416
6250 3388
9 2432
929 3
2819 3
5130 4717
497 1
2210 534
2192 117
412 46
3592 72
5566 80
5462 1
56 0
5020 108
6 1902
3028 250
4845 1
6316 1721
3708 547
38 3
445 3
1819 733
4123 0
3853 1
4148 3085
1460 1
161 1233
4032 172
2486 4
843 1
0 1381
1322 46
4473 52
3182 852
155 3
6642 1
1426 0
1483 113
3155 28
5191 1
23 8
846 1063
3622 544
3970 1
84 10
1440 795
73 232
163 362
272 3
313 1069
192 298
12 125
3942 47
4620 3
3486 1
98 668
4410 3
13 357
1711 125
743 125
1994 3
35 2
1377 3
4808 1
689 1
11 29
4207 1
1825 5992
0 298
6488 1
1528 0
6664 4
5330 13
1103 3
6230 4612
2783 3
822 1
3869 4
6694 2639
3854 3772
578 573
1183 8
2595 1101
2502 1
1908 1
4290 0
494 33
4790 733
3650 4
19 1970
2715 1
3943 3361
4896 5971
854 368
3496 266
841 1079
507 7
6374 89
1363 1770
964 5716
9 89
394 2857
4152 447
1152 1
3649 117
2249 0
773 7
6221 347
6350 1
5756 1
4636 0
5907 1
6 1253
3749 3
6092 3
99 47
2885 4
4811 42
3070 0
85 0
14 4
0 3046
98 141
3398 194
668 1
820 3624
51 1
236 3
5555 8
75 135
161 6421
1569 3
14 5663
23 447
1110 109
4223 4
853 508
819 4
1618 1188
14 294
17 2
6057 223
4991 3
5713 621
4462 1335
1170 97
3790 2742
168 1
3400 0
4772 4
3329 4
3663 1
3386 95
5355 5661
3278 33
3832 3
2450 723
1085 3
3999 3
1070 4009
1270 1
1074 276
2518 2
5108 3
3193 568
6196 1
25 474
153 141
2077 1
945 217
955 0
6347 4
921 1
3129 2
5364 18
2047 62
1005 2527
4352 3
736 0
44 71
1936 3
3280 1
1620 1971
1854 1381
6219 812
4371 511
30 1
394 229
3262 0
437 1
1484 1210
2931 5668
92 1657
366 8
242 42
1719 95
6449 1
5871 1
2515 3
6361 2529
2691 4
2610 76
616 1
9 117
2481 0
5220 4
4535 1268
1102 353
55 2630
1377 4395
3583 0
4239 752
142 42
1005 2
5039 89
203 8
2278 0
6548 0
179 35
3581 400
3108 0
4402 1
283 1
4154 942
530 2
3947 3
98 0
27 4
2067 1655
1707 217
5109 7
4 508
5470 0
6480 3
13 122
4178 250
408 2424
2793 4
782 694
2709 270
2343 0
181 1077
4748 1
6260 4278
1717 1302
885 1
6287 89
3651 2462
15 1254
3244 4
2987 117
1715 1
2718 231
4738 154
780 2
2356 44
4012 1
163 0
1200 637
3714 1355
543 237
262 1656
129 1
3503 623
4920 627
153 395
86 2839
1315 237
799 4
68 18
4301 4
3043 8
1400 3
3047 752
1773 958
731 1891
1814 0
3944 4
5073 68
843 1105
1729 2380
5250 1970
2223 3
4628 2
944 232
765 0
1633 68
879 8
2075 8
3163 553