source	target
853353	856831
851776	850806
219333	91833
853397	854034
2960	2961
23133	8350
851415	856317
29945	10393
1956	54206
123169	54623
856422	851140
8766	10133
5886	4287
851255	856870
17127	17128
5515	51400
856862	851757
51343	6502
851678	852569
853252	856236
8878	7316
5048	1778
855463	851161
853956	856012
853942	854282
854067	1466431
854791	854157
851424	851624
10818	5781
853148	854161
3661	2033
850760	854345
1956	1445
7428	2034
853503	850530
648	1912
854472	853392
2353	3726
855906	851653
855514	855897
8932	3066
7128	7189
855520	854999
54764	7316
11091	5929
851520	855700
2542200	2541652
855399	851255
7337	7337
96764	23054
5631	5635
6478	6622
2678	2678
850767	850713
3837	5902
851928	853226
855144	854085
853098	851415
1024	5469
4281	11043
331	27429
4170	637
54602	4734
855180	856716
852497	851745
856303	856303
5743	7157
855981	851652
23621	26088
852492	856743
10987	64708
850554	856223
851379	853397
854249	856847
856422	856607
8312	2932
5071	55669
855489	853109
853340	855751
5683	5693
852549	856267
3783709	7874
5902	5901
10036	5111
856731	852834
9564	1398
890	5925
84246	400569
852059	853167
856889	853318
7337	7332
1956	9146
55143	3619
9817	8452
3320	2064
66894	20588
867	7316
123169	9646
55208	8453
821016	827481
5594	2002
856382	850930
51107	23385
856481	854162
581	596
23291	7465
7428	9978
7088	7088
854017	856499
5518	5525
854150	852096
852060	851125
1956	868
851745	852497
856208	851415
853728	851204
851142	851585
5682	5684
8454	6500
6598	6599
672	7283
23624	1956
850554	854328
51147	51147
9611	6907
1848	5595
378708	201254
852688	856689
855751	853298
4089	6498
6240	6241
5704	5700
856604	850435
852665	854933
855514	854221
11186	6788
6597	8289
850422	850919
856731	855362
8379	4085
3725	5599
850744	851723
851255	856222
55593	7157
851568	854283
856738	854085
855357	852371
51138	10980
79184	9577
855492	856763
5584	84612
854273	852660
855828	854954
856594	851100
7704	25942
818581	843928
5516	29966
151987	55671
852059	851745
7013	8658
10614	125050
850520	855616
854119	854544
852814	853167
852814	854017
853266	851266
856315	851142
8314	171023
850760	855744
3065	23309
851744	856726
3638	267
11315	11315
850819	851424
856731	853036
854273	852230
64798	8945
852766	850744
856891	853161
4999	5001
25942	3065
2540845	2541599
851163	851520
853956	853674
852373	853167
3065	25855
855386	855964
672	10111
852373	855263
3014	4683
854424	851814
6595	25942
852013	852451
1432	8569
854353	850504
8837	843
855998	850636
856536	851431
851928	851928
852433	852110
851648	851567
854138	852987
3065	5931
1398	5295
9126	23244
55294	4609
851934	853364
55611	7316
84959	867
854827	855144
852373	851723
6726	6727
8517	59343
856435	852903
851532	852536
65082	57617
27258	57819
4055	7187
10075	10075
851723	851756
852440	851752
856486	850981
855449	852618
377630	6615
23741	5925
22318	20907
853377	853377
855463	852732
852028	852385
29945	8881
851461	856742
853871	853555
84661	84661
850419	850598
852088	856866
3054	8473
81847	142
2885	868
851112	854273
854937	850656
7874	29128
5713	5708
855237	853638
6923	6921
851756	852766
1161	2074
850623	852025
852779	856575
5684	5685
4735	989
3091	54583
10362	3066
4012	80351
850554	856830
855477	855357
8237	7874
850328	856736
2539164	2540784
57154	57154
853509	852025
7341	1616
331	54739
852582	854290
30827	23067
853499	853808
2146	23512
851903	856297
855583	854940
29945	29882
5894	3320
855661	851259
851263	851048
2885	5781
854158	855097
852294	850638
1432	7867
854034	851379
850995	854550
7186	7133
10273	7189
851000	852612
8660	5295
2203	2203
580	5932
852939	852468
9146	8027
855263	851723
852995	855335
5111	1786
25942	8819
4298	1025
852765	850793
5001	4999
853638	850713
856831	854976
850585	852453
856011	854428
83737	7332
219333	57599
853364	854418
25842	7290
84246	5469
854138	856466
850744	852373
851415	855470
27185	81565
854387	851680
856746	853463
4171	4176
2541587	2539550
851759	855040
851415	853475
852575	852834
6908	6882
26249	8452
851373	851024
855828	856201
850515	852457
8819	5931
856518	852352
851051	855136
2542884	2541990
8452	8405
852352	854937
851874	854023
92597	9113
4174	4176
853552	855819
854918	854918
9020	7187
648	1911
831162	840158
648	6015
851197	855843
853846	851554
11091	8085
2539997	2543027
26271	996
855821	852001
852865	854227
852569	851678
855841	851771
8517	7189
853160	853922
853332	853332
4734	7321
850440	856848
8451	80344
6829	6827
7189	7335
853318	851984
852987	851447
8517	472
2967	2966
853743	855836
57122	79902
856607	850613
5599	1386
856848	851159
851461	853712
6613	7329
855136	851051
854791	852888
856709	854106
852385	854063
7518	3981
856277	854353
1025	4298
1956	1956
851666	852793
10188	998
468	2033
5515	5528
7132	7124
852451	851415
3093	7316
23326	6314
852410	850445
26272	6500
851255	853806
852834	852880
851988	855934
3091	112399
855102	854059
852881	851691
83737	83737
50813	8533
856519	853851
852665	852295
852805	855820
853287	854300
79003	57082
855237	854273
856076	856787
10856	25911
851441	850905
6908	2957
853712	851557
856876	850505
852996	856183
602	1487
10155	10155
852536	851532
854480	851699
852039	855177
855399	850983
853320	851678
7157	7158
856060	855821
6605	6598
828522	814686
816875	824036
132660	4605
196483	1938
856731	853712
851579	852819
6311	6456
855253	850808
4208	9759
7319	56852
850686	850686
5685	5688
1977	1979
835035	829376
852779	854229
6045	84759
854353	851051
7189	7334
853373	852100
6256	7421
851716	856572
1017	5111
580	7323
855360	856002
852457	852881
6772	5580
34595	39203
1466445	856060
10111	4361
54778	4088
2538816	2540793
853712	853147
852996	853985
852995	855789
7454	7456
27161	57690
9978	7321
854465	853264
856507	851024
852122	853353
7186	329
5371	4193
852457	853252
855731	853959
10614	904
5518	5528
392	387
852025	853509
1387	3091
852255	853479
830557	826539
850455	855788
850422	850820
6789	11186
854827	853773
852766	853191
1387	8350
23405	27161
7431	7431
27338	27338
2540070	2540580
4193	1029
6672	23468
1788	1789
59286	9092
23411	7157
2538816	2542097
7391	7391
6907	9612
7124	8517
3611	3987
6794	51719
4438	4439
852265	851680
854791	856547
835697	839349
6285	6285
852931	851396
853428	854964
1111	993
6667	4088
4193	5925
5347	701
853552	851424
55294	898
851903	853985
5929	9070
854399	854322
853169	853169
853513	854938
850507	855268
3320	3297
8945	1499
672	5932
6622	6622
852322	852322
1024	10025
4193	1616
850782	854273
854446	855068
2541159	2541298
856060	852814
853275	853300
851745	855017
2541089	2543412
28956	8649
57187	80145
855751	852921
8737	7186
4088	6498
2033	4790
852295	855701
854017	850347
5870	10112
867	7322
3837	5901
852757	855497
29110	3661
855473	853293
9611	8841
856607	852003
6654	2885
3717	9021
851678	854229
7157	1387
8533	2873
332	3619
1315	22820
29945	51529
856136	852071
854465	855049
7353	55666
3065	57504
867	1399
7507	2067
851532	855771
854976	851500
854937	855460
853503	855751
1027	1017
4193	367
355	841
988	27339
142	2033
856607	850554
6788	9113
851051	853729
855066	851061
853287	854235
5469	9440
850760	856743
1027	898
853275	854778
7398	23239
816471	836431
850930	856382
11789	12387
5700	5714
856700	851394
851143	853892
5499	5511
3183	3183
3480	4193
387893	5111
545	84126
852996	852492
7852	83737
5713	10213
6497	4089
219541	112950
856919	856307
852695	856162
6667	3066
4686	22916
856607	850620
84759	54880
23607	867
1911	1912
25898	7157
1977	1981
6605	6599
30011	868
852814	851756
10273	3320
852529	850826
5801	5594
5610	1660
1410	3315
1759	51429
853029	855977
55257	10902
852233	850620
9113	10413
1643	50813
851204	852427
853539	856507
2099	3308
1022	2068
856403	853287
838573	839495
51529	7322
26965	21402
4298	27125
854158	856134
1861	163590
29855	7290
6915	6915
23411	1620
856208	854322
10567	10567
10628	7295
853806	850806
853774	853946
55294	8454
850713	850973
672	675
851318	850623
27339	27339
11091	4297
3717	3717
850585	853369
852416	853857
2543281	2540992
2873	9318
856901	853017
851518	853227
855751	854790
8452	53339
851623	851545
2538816	2539083
5886	7316
13385	14812
851623	855950
5684	5688
854776	852865
84612	5584
10856	8607
852969	854879
8451	64708
855968	851437
851934	850774
2932	4137
8451	1643
2541599	2539149
852822	853096
851678	856012
851408	856223
850623	851318
7320	56852
3265	5894
851217	851421
7157	51147
853712	854284
80124	7415
2033	142
3065	8819
9020	7186
7189	6885
857	5743
854504	852772
3065	9219
9208	2314
5683	5695
1495	3728
854168	851259
2542884	2541251
140462	6923
4287	7415
4116	9939
856604	852995
5702	5708
855520	851647
11124	7415
5501	55183
853942	852083
853937	850624
850909	856577
545	7157
378708	57697
851212	852984
850760	856437
851957	853824
8945	29904
51053	81620
852990	851691
853728	853650
851024	850358
1019	5925
7879	83547
943	7186
57697	2188
8667	10480
11130	147841
3551	8517
1024	10001
852100	855067
2542761	2541936
853332	854745
545	672
5713	9861
6595	6599
5914	5469
27252	79585
9391	84191
604	54880
4086	4089
1025	5430
4792	8454
7329	1616
850554	852003
7249	6009
853191	855017
853846	854423
842733	830587
142	142
54165	55832
853167	852814
853191	852497
856700	855605
4683	10111
120892	4155
850554	856742
7421	6714
55236	65264
851680	854387
2033	2237
856422	852037
851408	856422
672	7325
8065	6923
837479	816394
853886	850300
853712	850613
10273	7321
850623	853509
851071	853877
5193	5192
9112	3065
1326	4790
51659	84296
7316	29979
4771	9730
9656	4361
991	991
8517	8517
856743	854345
84447	7415
825648	843928
853154	851720
7508	5886
6256	5468
853846	851696
10075	7321
958	7187
996	246184
851457	854945
855157	854388
1742	3739
856023	856891
51013	54512
850430	852385
853376	850820
701	4085
7415	7353
854882	854119
856129	852494
1495	1499
855583	856572
855498	852200
79577	9646
852765	853355
831608	834426
9146	10254
854428	852469
2071	2967
207	2931
853985	851903
2540735	2539403
856912	853071
3065	3091
853369	850585
852088	852664
856604	851678
7317	7332
29945	701
8837	8772
890	983
110157	15461
367	9611
23054	5914
998	10188
855428	851389
850552	853016
851000	852305
834815	841922
854418	856134
1487	84458
3939	3945
856891	851723
8850	155871
852079	854142
9846	5781
55054	9474
852732	855463
81620	8467
854937	853976
851641	856021
8666	8662
5984	5985
79016	1642
850445	852410
853355	853752
854439	850506
853808	852788
856926	856926
7133	7186
6733	11338
853109	851447
851554	852376
9107	66036
11124	3308
1956	5295
854150	852284
367	9604
852612	855532
855515	855700
856852	851549
855237	850782
851686	854898
599	572
852385	852385
5886	5710
855184	855356
10524	54556
10284	22985
856604	855539
129685	6877
850840	855271
851811	852294
855788	851212
51720	79184
852371	856154
2176	2178
853909	853719
993	8454
854999	854322
29945	4085
855514	854317
8451	9978
84126	545
853301	852013
855492	855492
4609	3065
25898	7322
1642	9730
9646	123169
8314	55252
2475	1978
5928	3066
8065	9616
829541	837805
855386	855920
5728	5747
852457	853966
851928	855300
4615	8405
12443	12567
10273	7322
7189	23118
5711	5701
854265	851061
5883	3364
7157	4194
854697	856020
207	6789
4194	1452
11200	995
6502	6500
1956	4582
852050	855700
856731	854284
5894	2887
4791	8945
851197	854827
852095	853423
8065	865
27125	4298
854273	855237
5682	5683
850793	850980
5516	23141
4792	4790
855739	850349
8409	367
852095	851591
852283	853922
51107	5663
851339	852685
850708	855959
852016	853942
2885	3937
5468	6256
854543	852371
10454	6885
851561	850540
3320	5894
855263	851756
856862	853848
4609	6502
7415	55968
8772	8717
7334	9025
854827	853090
8451	9730
7124	7186
23291	10726
5591	7520
856076	855201
1163	6502
856311	854697
27101	6500
850520	852885
2188	2178
26471	339287
856731	851408
231201	22059
6416	5599
7295	4217
572	596
851678	851113
3066	23028
851696	856571
6615	23028
854331	852042
23476	1025
14810	14811
672	5430
852169	856294
7157	3313
11091	23067
10055	10054
25970	3717
867	2885
852685	851339
50813	10980
27338	51343
855937	851585
856831	856831
855782	850414
7329	6672
851800	855224
856746	855838
852624	854795
1956	6654
854509	852424
4688	4689
853956	855335
114609	4615
3619	9212
2033	7157
7317	997
7515	5423
6500	55294
25793	5683
853576	851197
854527	854667
854791	852810
57646	7316
851988	851988
9474	25851
852695	851142
4092	64750
991	64682
5928	3065
6908	6881
8878	5584
850554	850562
51720	29086
10987	4089
84142	9577
5894	3845
851441	853808
196	9049
8678	5289
854017	851723
573	3312
851671	854063
18999	17192
852037	856607
613	1399
8726	3066
852987	854138
10657	5295
852398	850863
4851	55294
856130	856254
11047	51377
20614	20907
8766	22841
852728	855841
852088	851592
3090	1488
5371	7341
8667	8664
850888	852724
2534	867
5111	10714
5704	5701
855869	853723
1432	80824
7709	4609
856891	850744
856303	853906
10868	63967
855470	851150
9817	9817
852779	855934
5914	6258
855514	853714
5925	3065
8678	8678
79728	675
852713	856831
7290	25842
5522	5518
22820	1315
855821	852373
4841	6421
854444	852424
9564	5747
855505	851163
55257	55929
5873	84958
8517	8737
852740	854734
9126	10274
4193	4194
855821	850744
84333	6045
56341	3276
856559	851030
852424	851342
1432	1386
850504	850676
856218	853456
851440	855570
832196	832196
7341	8554
4297	8350
23481	55759
11140	1019
2175	2175
1786	29128
855789	856012
23291	9693
852664	852763
854933	852665
852728	850741
6118	6119
856738	855144
2539467	2541264
54165	8454
850998	852974
816394	816394
10728	3320
852549	851499
4841	4841
7486	7520
853219	851858
5894	3265
4214	6416
2512	2512
5914	8202
852200	856576
854353	855136
851632	856063
5601	1386
7014	26277
9219	3065
11218	6606
991	29945
2146	5928
856674	850620
856799	852376
850422	852060
852939	851431
1499	367
9318	8451
856019	856594
7251	155030
856484	856058
856848	851984
23172	79184
2542615	2542438
852977	853715
817857	839300
155871	1025
852294	855356
675	79728
854444	856148
854465	851645
8518	55250
7067	5469
902	1022
855515	852295
854980	854980
856891	853807
856918	850691
56852	56852
37069	39203
51185	1642
5700	5708
998	8826
854791	854399
851742	852892
1977	1978
856731	850613
854827	851708
854418	855616
7322	64320
5531	151987
6009	5894
7316	5886
355	1616
79003	10403
851545	851623
2540362	2541916
2146	8726
8648	5468
856731	853456
4217	7295
852974	854434
3312	1080
2703390	7874
10095	10096
51010	56915
854158	854725
12566	12575
856305	855459
7157	23113
856360	855974
9958	7316
9070	5929
856360	856146
57154	4090
856576	855741
23054	5929
7409	2885
2033	8290
1019	896
29945	8697
852373	856499
851000	851061
1387	1386
856559	850826
853712	852880
988	6421
850818	856571
4193	4691
854353	850580
860	3725
854745	853332
852931	856058
851874	853109
5468	10891
2071	2968
6720	2033
853906	856303
852947	854680
5518	5515
7158	3014
267	7415
851678	855934
7704	3065
856919	856570
854543	855177
852122	856754
856422	851557
852497	853191
1869	7027
672	10477
821055	834719
855041	851858
4171	4175
852892	855844
142	2547
853167	852294
853500	852385
853985	855485
2099	9611
7957	378884
856607	854284
1616	6613
856919	851984
850577	855479
839925	839925
856422	851408
852582	854020
861	865
851874	855489
5469	9968
4287	5071
851190	852499
853017	856220
854765	855620
6613	9063
856741	851527
852397	851259
851903	854345
2543086	2543086
851431	854995
853956	850682
6737	6737
8945	8454
853275	851019
84444	4300
852652	851672
10910	3320
850760	852492
51684	2735
2542615	2539219
855674	856425
71950	66830
851740	853350
851723	856499
9532	10273
51135	3654
57459	53615
851163	855505
51529	11065
851678	856126
25820	7332
8945	84919
854937	852352
852788	851441
2539047	2543044
8945	324
843928	839982
2353	1386
852724	850888
850539	850539
8451	10987
1022	902
855599	851319
5682	5690
852659	856319
850504	850504
851112	856062
854082	851737
7515	54840
2188	2189
852100	852258
10980	51138
850638	856106
150684	170622
8452	9817
10015	10015
4609	4149
825473	821879
7520	2547
853167	855701
2533	8631
8850	8850
850554	851408
854428	853418
123879	8452
5901	5902
9694	10328
10189	7919
852805	855144
851458	854335
855269	854078
23028	10362
1642	1643
9031	8467
8795	8772
852660	854273
6885	10454
827605	818199
852995	855730
112858	51002
29843	6613
23028	23186
854020	852607
855003	856767
2541178	2541209
8350	25842
851723	855017
6615	3065
853219	855041
23492	6015
854162	854023
3020	55723
2542615	2540285
991	9232
856911	854204
852013	856317
855428	855788
4297	4221
852916	852916
10670	64121
10524	367
11130	79003
851482	855271
11140	3320
851100	855360
854465	855974
856882	851415
10284	10921
7415	79058
853327	852275
10892	7189
850658	852295
854063	855203
855253	852025
851579	853909
850585	853513
4792	5970
851962	852885
22863	8678
3320	3303
856511	856511
5499	23368
958	7188
852250	852235
853298	850694
54165	8451
8665	10480
851071	856146
9531	3308
853718	854928
56353	19821
854230	852295
851415	854399
79960	11143
4193	409
22820	22818
406	4862
856919	850839
10213	11047
81631	8878
854399	851415
8428	11235
2908	3320
853846	850597
856216	850623
851337	851431
7157	9112
6597	6598
854017	850744
855264	851975
26272	8454
851813	851520
852814	852497
7186	3604
851500	854976
856130	852100
855428	850455
853191	852766
2066	1742
51343	991
148022	7189
855428	856186
7874	4193
8819	3065
854150	853364
1874	5933
852755	851988
852234	855520
851716	851475
855620	854834
855399	851895
3065	25942
855253	850623
851513	855043
1020	91768
851424	854133
8243	9126
855012	851482
81620	5111
5516	5518
5901	10204
9611	79718
856570	856919
1031	1021
1191	2547
854150	851934
850623	850808
64151	10592
10075	7332
699	9184
855350	851156
3831	3799
4174	4172
852006	856904
856130	856680
8533	9318
4172	4176
23291	55031
855892	852453
850455	853035
6789	60485
850605	850605
856422	852003
854786	851561
852814	852373
1022	5430
7329	5371
852352	856518
2770	10636
855621	856254
595	1026
51247	26986
853503	854790
5565	5571
57521	6198
851647	855520
852728	854309
6622	3308
2873	10920
5175	5781
851994	852395
3361306	2542757
850554	854735
851212	855788
3065	1107
852779	855972
1466445	852373
854162	854138
851461	856223
855097	855964
9531	3312
853956	855730
6622	3312
84612	998
853109	850401
851653	850840
11047	7316
852996	856297
8266	6449
855950	853327
29979	29979
5195	5830
4690	867
9978	8451
332	55143
699	57082
8678	55626
850554	853456
852003	853712
851453	854123
854327	851495
8453	9978
850793	852673
854465	856360
856577	855597
7421	5469
854469	855972
409	4193
856919	856889
856565	851720
3516	9794
854381	850688
9733	7375
855936	854667
850358	851024
867	4690
856743	853985
856607	852834
850744	852497
55208	8454
10987	1027
850793	852765
852059	855276
84174	867
854791	856317
6597	5925
999	3728
5720	5721
5782	5829
855888	854826
853986	850539
852763	852088
852763	856749
5701	5705
672	31
5728	11060
2289	3320
3091	8453
851408	854433
852497	855821
842	331
1020	9847
10213	5714
853318	856889
852987	855489
851415	852451
850695	856012
854418	855701
29086	84142
851696	854423
3006	11091
22976	5929
9611	367
851996	855230
2908	1387
9410	23020
7329	10054
8454	8945
4851	3516
856065	855706
253260	64223
856119	854519
852969	850897
55234	3550
3725	1386
4193	7874
853956	854469
2542796	2542477
850347	851756
5071	7322
854869	855700
2177	2178
853327	855701
850930	852499
84759	23429
29945	51434
855460	852352
5894	7533
851264	851226
852675	854997
1487	1488
7247	7257
853636	855387
7157	10277
2099	6714
9229	1742
23028	8350
5356	988
1540	8517
853489	855836
830996	817857
856484	852091
10422	63891
853712	852834
852767	854229
6627	6629
853167	851756
1022	1022
10016	553115
6595	86
9690	7321
2175	7156
10980	8450
852660	850840
853956	853682
856130	851576
853499	852788
852088	856749
851431	852576
3066	1107
2237	5111
2033	3018
3066	5931
856920	853531
8517	10010
852431	853760
856862	852593
852059	855821
27185	10989
9113	25937
856019	851100
851723	851745
856422	853712
12234	21402
1487	5932
10987	9318
165918	8338
851441	853499
832214	840158
1017	1033
850696	851655
64400	29911
26277	7014
856726	851744
7421	6256
8353	10036
54623	23168
641	6117
850904	854149
851408	852037
26190	8454
10933	79728
7132	8717
5921	10657
23118	3654
8431	3065
852703	850552
852369	853072
996	10393
855454	851979
852122	854363
851737	854082
833502	829437
851906	850691
84259	8454
54512	23404
854353	851996
6502	1026
853009	854649
10494	11235
79728	10933
997	7316
10971	9759
3480	2887
7345	7316
852457	853650
51530	6500
853098	852888
2538816	2541910
84678	6500
578	598
2541871	2540234
856499	851723
853548	854387
853178	853910
852207	854703
855243	855592
55644	8270
851041	855277
10010	29110
855787	856895
10450	56949
3646	8664
8743	8795
829480	823804
6654	6464
855584	855584
852457	851191
199990	2189
853600	853093
854703	853643
81858	55072
695	2969
3312	10963
64854	91833
2033	4193
2543044	2542123
852439	856063
5071	65018
6602	6597
6915	8766
851814	852838
854123	854818
3091	3308
855584	853452
5824	5825
996	8881
2539360	2539513
853712	852003
2099	8202
851125	852060
851699	855459
853376	851125
852835	852362
856076	850594
852499	856382
5682	5688
51147	11143
26277	54386
1956	1500
5468	1387
853191	851745
855386	854725
2887	3643
854550	850995
851000	855356
851874	850401
851988	851475
2176	2175
79876	51569
79643	84313
197370	54780
51147	7157
1956	6456
16151	18035
5879	396
851503	850879
51343	9232
8678	22863
854810	854284
6597	86
939	7186
999	1495
29843	7341
8517	8915
10459	5980
851102	851102
29979	5710
3320	3326
852873	854544
4193	6135
8065	6921
854791	854385
852931	856484
856360	854465
856891	855276
852778	850905
7157	10273
90268	55072
853153	856563
123879	8454
6772	6772
1022	1017
10746	5607
851264	854997
854465	850495
196	5925
367	7041
850658	855700
6907	9611
856565	854646
3476	5515
818581	834224
64127	8767
851441	853957
6606	6632
853318	850440
850518	850518
6720	51586
852665	855700
853318	856848
3551	3551
57162	3654
5683	5694
855386	852392
1026	4193
1981	1973
853287	856403
9577	84142
854791	852013
55802	1656
850760	852996
850554	856218
856425	855674
856070	856600
856674	856886
84259	8453
8819	5928
8454	6502
84246	9477
850623	855253
902	4331
853355	851803
3014	11198
855925	851827
850447	853880
28996	10238
10075	1029
9656	10111
855043	851421
854765	851928
840	331
853758	854072
8772	355
55432	7316
23113	7157
6311	6457
855751	853939
852757	851143
5468	10499
854869	852295
1027	896
851206	856085
79184	29086
854680	856146
855263	852497
10273	7323
1017	5934
26224	1408
854765	851424
3320	10728
853956	852976
853191	854926
856087	852122
830	832
9212	3619
5469	9969
851745	854017
9261	3315
5174	10158
3312	23640
4281	4281
8945	55031
853089	856521
856862	852376
854315	852122
851100	853114
8533	10920
853335	855977
1080	7415
10179	10992
5516	5519
10213	5710
853355	850826
7186	8737
3638	22937
850941	852394
850554	854433
7132	8737
23492	3066
5525	5515
8661	8665
3172	10891
853287	853393
64750	64750
851406	853261
10980	10987
6605	6604
856870	851895
851996	850836
856422	856674
852457	855819
852283	852610
5610	5610
841	8772
855821	851723
27327	23019
4734	7316
3607	3054
853433	855136
851752	851259
851756	852059
850702	855965
850409	855974
853956	856126
8517	55072
852762	853422
329	842
207	7415
2541033	2542503
10980	9318
853909	851579
851415	854385
855136	854353
672	51720
855116	854680
5071	5071
854020	854290
851495	852122
851100	856002
851618	851431
8451	8533
854713	852276
854518	856119
852921	853298
2542615	2541592
8350	8208
16151	16150
854273	850782
5594	5604
852416	852896
851173	856394
6281	302
10605	26986
51699	9779
51701	4602
9978	997
6531	6622
852071	856169
852499	851190
852982	853029
3320	2289
4085	991
851811	852284
852779	851678
862	7704
673	5604
856743	854106
855305	855386
4796	253714
854954	854954
851831	852724
10273	7334
23586	84282
852660	856062
4292	5395
855243	852973
5518	6801
852049	850447
7529	7249
11091	284058
851720	852724
9100	10146
851934	851222
5515	3476
672	2274
851996	855827
850702	852080
855454	851676
854487	850894
6195	4792
856870	854350
850543	856144
23468	8208
851745	853167
22909	5395
3646	27335
853114	851100
867	5335
330	7186
2542796	2539164
855203	855939
853942	853076
856461	853202
55072	10616
3020	1616
2175	2188
26088	1213
851136	851415
10783	91754
852373	851756
5111	2237
701	57082
851408	856742
854827	853576
851752	852440
4149	4084
856422	850613
580	571
855281	855332
5071	9868
19821	54383
8773	6810
10213	5709
5599	2950
817170	816623
843513	820142
852665	852294
843845	830909
9894	545
5499	7159
851737	854431
3554	4615
10524	8089
856476	855104
855417	853397
5894	7529
856463	856012
7415	55666
5536	3320
853535	854322
852766	856891
851520	853369
8454	10987
2033	2033
2178	2176
12929	107746
24842	314856
856290	850923
851209	856563
850803	850950
4193	26354
5111	5111
854875	855276
675	5888
23028	3066
850760	854106
855836	853743
84295	5928
56852	7316
850872	851319
852258	852673
7157	1616
2475	2280
856489	851319
8517	1147
856208	854791
197370	23137
6502	1163
2033	2308
3066	1108
29086	9577
855428	851212
51002	112858
853712	856422
3091	2033
851771	855841
855203	855642
10026	51604
1387	4297
5071	5710
10933	23309
54165	9978
855281	854497
10286	27339
2538816	2542233
8312	1499
1022	4331
850905	851332
851048	855532
852728	853364
2904	1742
4914	6464
7157	4193
852497	852766
856815	853458
854940	851716
147841	57405
2957	6908
546	1616
855357	850889
367	9612
898	1026
4085	996
7703	6045
4088	64750
3065	57708
10014	7531
854162	853109
856303	853868
4137	6622
855263	855821
8451	55832
853796	851061
852766	855276
854434	853896
852423	855303
991	29882
851930	851431
852100	851576
841	8737
856674	851337
10241	7316
1956	2885
854158	855626
856891	855974
9212	332
8517	3551
4297	11091
824036	816875
331	7323
2146	3065
112936	55737
852433	851266
1017	891
123879	55832
852042	852042
20779	12402
55120	2175
6500	26232
10273	10273
854469	856217
9612	5468
2033	2099
851756	853167
856572	851716
850455	851389
57154	4086
839982	843928
850367	851996
904	1025
11140	3326
855836	854192
4999	23595
850863	851744
10933	93621
56616	331
5682	5693
5591	7157
852255	853318
851653	855271
7317	7322
851410	850612
1477	580
1460	1460
854418	856499
1466445	854082
25793	6500
991	8697
853638	854273
856130	852501
6908	6877
7327	7327
854435	850554
850818	855549
9555	142
55832	8454
4193	6154
595	1019
4088	4087
851143	852749
851255	853871
1017	1027
856154	855477
5530	5534
851877	852680
7919	57187
1111	995
839574	837498
855974	853098
856267	851407
6667	3091
856360	853264
4193	7322
854504	850296
828764	839349
836506	836506
7415	7415
855937	851142
850520	854418
79918	5970
65018	11140
853147	853712
4292	9156
850713	851770
25793	8454
23063	23244
2541159	2541107
856218	856830
855836	850914
113130	9126
852996	856065
26986	51247
4193	7323
851934	851101
3964	10241
54165	8452
829541	829541
155459	6921
855144	856738
890	3024
853956	855972
9557	2547
2540630	2538838
5335	867
9099	7316
851421	851217
853909	853958
5520	5515
852779	854844
2540612	2542285
851680	852265
851462	851210
854827	856738
855428	853035
1025	125050
853114	856594
5007942	837483
7157	3066
854791	853098
851962	853364
853191	855974
891	983
896	1027
851678	856723
852265	852377
2475	79109
851415	856862
26523	27327
1017	8900
852996	852184
856130	852673
355	8772
855706	856065
8451	9318
9978	7322
5468	8202
545	5884
822312	838804
824601	832146
7405	8678
854938	855077
11200	7157
4609	7709
4790	4790
602	4790
850656	852352
855624	855699
854273	851653
7874	6045
25988	4863
3621	25942
853956	852995
851332	850905
7874	7157
855155	855925
835842	843928
850447	852049
854749	853857
854149	850904
852814	852059
853688	854778
853010	853010
851041	853346
7415	11124
9627	6622
55294	23389
25851	9474
852996	856437
2539442	2539641
853774	854220
5689	5695
5695	5693
854543	855357
854450	854026
3091	405
3619	332
850554	851557
856924	851592
852106	855271
367	4088
5580	6772
5970	1387
851745	852059
1387	6996
851461	854435
852995	855972
854418	850520
51160	7251
6772	6773
850998	851797
21849	12417
855177	852039
16468	14056
854138	850401
10273	3308
854713	854822
851513	853899
8648	1387
648	7704
856731	854119
23291	27250
853071	853933
6622	9627
5071	7416
4609	57634
852457	854554
852703	853016
6886	6929
177617	172264
4690	6654
6622	351
5892	7516
851337	852222
856570	852205
852995	855068
852987	854243
852385	851671
3516	4851
5499	5514
9759	8841
4086	5692
856486	853857
850623	852486
852088	852763
1499	8312
4088	4089
9978	8454
5469	9442
1024	892
1027	6502
7128	7316
7534	572
839893	840158
10095	10097
79444	56616
10018	596
5599	284403
8841	9612
10956	84447
856478	853418
26259	9820
253260	2475
84464	7014
852755	853970
853227	851531
1859	10238
7556	10155
57599	219333
855489	856466
23142	8452
851461	850613
853109	854023
853956	855613
2033	8335
856891	852610
2542796	2540630
10498	2033
855066	853385
855821	852766
2541159	2540470
854428	856011
851255	853555
2033	3091
672	7334
1024	84246
852427	853728
4298	4299
4170	5366
856866	852088
7334	7335
8665	8663
856731	856830
23291	5978
855263	852766
854918	853876
852018	851495
1398	2889
852607	852582
996	51434
852755	852755
94121	4218
850447	850447
10454	23118
853192	855049
854017	851745
2967	2965
1024	51586
57187	84321
170622	150684
852778	851441
851431	852468
23586	7706
8841	9611
5430	6829
22976	7158
850520	851962
853846	854843
7375	5925
2185	7041
5156	5156
850520	850504
856519	850702
854691	853385
8678	9711
4088	3725
850554	855362
856463	851632
8065	155459
5885	8243
855782	851718
6885	6885
856429	854487
852371	850889
853529	856612
1956	3308
852385	852028
851924	853029
853083	851730
856519	852472
7132	6885
6047	5371
10524	8295
856763	855492
851742	854505
1031	1019
79677	23137
9219	5931
851532	853856
852497	852059
851680	851680
854954	851572
2475	207
5531	3476
219541	400569
2885	10188
331	56616
28996	6477
855276	851723
850620	853667
852457	855407
851431	851618
851996	852405
853016	853409
200558	142
850562	852003
1399	867
23468	10036
850914	855224
852728	855506
9025	7334
851441	852788
851811	852610
850554	853168
838501	834719
852088	852848
6125	4193
7706	7706
5885	10274
853409	853016
4092	7046
4646	8887
5610	3609
9611	2874
7516	5892
853783	854504
116470	25558
855013	853513
2542873	2541209
850744	855821
853632	854076
55829	7415
6923	7428
853956	855789
852822	850711
2332	9513
10018	4170
197370	79677
855515	852294
851051	854353
851707	850504
10015	7251
856870	853641
5692	5694
367	3320
55208	8452
852059	852001
9559	55737
9978	8453
852421	852938
854791	853301
22976	11091
850539	851424
855514	855862
51514	1642
856236	852457
856760	854985
854138	855489
9817	8878
853271	854322
854985	856760
2885	5295
4194	4193
851882	850693
856060	851723
7157	3065
200933	6500
843367	835392
855083	852838
29781	54892
850914	855836
1876	23429
2539773	2540294
818568	822287
855448	855067
855751	850694
1956	6776
852722	853849
856263	855238
841	8837
6872	2962
367	4110
852987	853109
855097	855386
852987	854162
853147	854435
6500	8454
856565	850888
852234	854999
852665	854776
2475	64223
4654	2033
854898	853942
8312	324
851811	851810
246330	7189
983	9133
219541	9440
84433	8915
7337	7321
827631	839040
850872	856489
367	4193
55070	1642
23532	8453
852059	856499
851461	851408
853846	851847
10413	5784
851928	850786
835	8738
852035	853416
54623	9646
850347	855821
854418	850504
1024	51003
7329	7341
852938	853161
856159	853599
8454	9978
855357	855477
6667	5451
1499	51176
855950	855950
852549	852972
852680	850561
5970	3065
2626	1482
853271	851415
9730	1642
851190	853283
856799	850455
855952	851201
267	7326
854162	851874
8665	27335
51377	11047
856478	856478
852100	850793
3320	5536
5501	56252
7189	7128
850554	854119
7704	7704
51271	7251
3308	10273
3320	3320
6456	6457
5604	5894
855678	856311
5429	51455
856743	856455
9817	5970
8517	1540
3646	8661
1432	9261
856254	855621
854126	853418
26272	7013
851723	852766
55143	9212
6606	6606
854465	855757
10273	4137
7186	1147
11340	56915
84759	6015
853555	851255
853109	856466
854827	854085
850539	851624
854191	853100
10014	8841
852892	856144
55120	29089
8819	25942
1956	3320
317	842
196513	80153
5682	5685
853428	852269
6885	5608
23595	4999
9768	5111
56616	329
851410	851824
875	875
246330	3654
855726	853529
1499	1495
852814	851723
9978	9040
54840	7515
4738	51667
6714	9564
9577	79184
851978	853668
2547	5591
5914	8648
11200	11200
991	9184
856919	856197
207	4193
855490	855490
853359	854688
1315	372
4792	8945
2541726	2543027
1025	51574
2099	2033
852457	851708
6599	6597
852432	850768
9318	51138
853264	855049
852457	855976
7128	7128
1643	8451
23291	55893
5981	5111
852575	854435
850868	856141
54583	23770
998	5058
10617	51652
852512	853090
23468	23126
852862	856716
29945	119504
10413	9113
167227	55802
852788	852778
851696	850792
851513	853347
850554	853712
10193	2065
4609	8295
1454	5187
11091	9070
5693	51371
22976	9070
1499	8945
10273	1080
10480	8662
852453	855892
854404	854404
851924	855118
90268	7316
7316	51720
7469	51497
2175	80233
852773	852606
1019	595
1019	11140
1019	1027
701	9184
855597	856577
851680	851076
831608	827612
6015	6045
85363	85363
7295	10628
7150	142
855264	855471
850935	856083
3482	23163
1459	1457
852071	856918
4771	1642
851266	856569
855788	850455
851000	856846
5562	5565
8451	1642
5977	6595
856919	856848
854680	853877
675	2177
850909	855597
852947	855049
853178	856921
5536	3326
11200	993
7341	5371
856154	855838
851928	855119
850554	856674
854937	856518
828008	843928
856429	850424
2189	2175
855386	855305
672	2099
850840	851653
7189	3654
854693	856425
852724	854018
852373	852497
843631	843631
3184	3315
23291	997
842951	831748
39203	34595
7468	3065
9612	5970
79657	8725
851415	852013
7124	7128
1398	2885
23327	6340
852549	850298
2543044	2539857
6208	6880
2033	6772
57187	9984
5885	9126
855821	852814
2538816	2539794
851934	851771
11130	79980
851143	852757
6009	2475
824036	836667
5071	55288
852685	851217
51138	10920
3091	1387
6880	6878
54165	8453
854192	855836
5683	5682
8517	81858
6929	1387
3476	5537
851102	855392
1487	1487
1314	11316
833502	832494
852640	855648
867	7529
855263	850744
853504	852258
3621	3065
6045	8338
852881	853760
854243	853109
7046	4087
2033	8359
9410	9343
9739	5929
23291	7023
891	3024
5868	9135
1978	1977
23014	23741
1869	6667
855925	856912
7917	8266
860	2353
850440	852255
5469	29079
1017	5933
853886	855592
267	7917
7132	7186
854731	854034
164	9135
852453	853551
853539	850358
851716	855583
4287	7316
850539	851928
1956	6774
8239	4170
853876	853072
5888	5888
856169	850691
854017	855821
10277	7323
852018	852385
851071	851897
855515	855701
851745	853191
2260	10818
51028	84313
2885	10657
8874	867
5970	3066
7919	10189
854247	856254
856920	852383
672	7157
10987	51138
851814	854424
55294	9969
4173	4171
7027	1869
23291	63967
854265	855532
996	701
851482	851112
10987	8454
641	4292
5048	5048
1029	1019
854227	854204
850713	852230
9820	7157
856168	851744
853191	855267
836	142
851996	850367
60	60
850329	850329
853298	854790
79003	25936
7329	9759
904	155871
855271	850840
6810	9341
852373	850347
856060	855263
839226	832179
4067	867
1147	3551
123879	8453
6015	23429
1019	1032
5289	8678
5499	9372
851774	851320
10980	50813
29947	1788
856486	852896
856507	851373
7316	11124
5829	5747
9400	5430
856087	851061
22863	5289
851264	852675
10015	85365
5518	29966
5204	4609
855017	853191
155945	8945
8517	29110
4088	9372
7124	7132
9874	25842
817857	819242
10980	10920
7186	7186
672	7324
854543	850889
71950	23942
11091	51562
856130	855067
55802	80153
856918	851906
219541	29079
8797	841
856919	852983
5932	672
5683	5684
51377	5717
22318	20614
329	7186
855230	855827
2178	2175
6201	4193
8452	59349
1029	4869
23492	84108
851408	850613
839226	838782
898	3024
852059	850744
851929	851494
853298	853340
57531	5879
51377	5708
6337	23327
7128	7533
856019	856002
1742	2903
84142	672
850894	854487
1108	3066
1956	1950
8453	6923
7068	9611
10617	57132
850806	850983
23429	6015
7189	57506
852614	854540
7067	9611
7341	7329
851152	854948
852995	856449
850554	855319
852778	853499
853056	851190
11059	7332
1108	5928
854875	852497
51455	51426
1017	898
6606	11218
1466445	851737
26270	8454
853327	852295
2114	1387
851627	850904
23481	23246
852996	856743
84676	84676
852885	851962
839907	827481
821622	839422
8726	2146
648	6045
55644	51002
2540115	2542313
331	5414
7161	2033
853824	853824
853846	852611
852501	856680
10987	8451
850613	856223
7428	8453
3551	1147
6804	8773
1466445	852814
852100	852673
851458	851458
854158	855386
851655	851306
851811	853922
856891	854369
7157	3320
852916	853639
853098	855974
855263	852059
1499	5663
8202	2099
5058	5058
6502	8454
8317	4171
172737	172612
831441	837417
855357	856154
64326	64326
856674	856909
851266	853266
8533	50813
853318	855575
851761	856890
855499	850806
8945	994
10274	5885
850807	853788
7251	7251
140462	6921
6602	6603
580	7321
993	6500
7329	7329
856507	853539
5566	4137
850768	856237
9001	3064
851437	851437
2959	6908
853551	852453
1021	896
5702	5706
9730	155807
856918	854663
856254	852100
672	55284
855514	851499
29945	64682
595	1027
5747	6714
5695	5694
26249	65266
856422	854433
856085	854878
4735	23157
851558	851740
4089	4087
23111	83737
4800	4801
8856	8648
852265	852091
1173	163
5111	5981
854017	855276
817429	819358
855489	851447
852404	851841
5929	11091
7334	7316
852305	853997
856862	856862
850872	851548
5701	5700
3320	3091
65018	5071
851482	850840
853876	1466399
983	2146
852200	855741
856394	854387
84313	11267
855514	852549
853956	855068
854235	854300
10524	10902
867	6464
850768	850539
853167	855700
854827	855843
855621	852245
850554	854284
3937	9402
5599	7157
851665	850889
2353	3725
855459	856305
850863	854742
851342	852424
1161	8451
11160	10613
4734	7323
8554	6772
852369	854918
851136	852607
200933	23077
851924	855977
4193	8650
28996	5371
57187	8563
852788	853499
10016	10015
10589	1810
8772	8737
854034	853397
57521	2475
856862	851108
23291	994
855570	855048
9126	5885
6045	84108
817252	837498
851745	854926
852779	851052
9474	55054
10933	10902
7536	11338
7189	8517
856895	855787
853806	853871
856891	854875
853922	853922
855492	851259
4149	4149
348995	79902
6500	6502
852660	855237
9232	9700
7329	28996
851061	851048
80279	23376
23197	7415
850554	856607
852457	854249
1642	8450
855157	851762
196	405
1956	10273
851437	855968
851934	852532
8795	841
854149	854149
856862	853361
3276	8359
167227	196513
2885	1759
4846	4846
6927	5092
7124	8717
5695	5691
409	23032
856154	855177
4734	7332
852025	852486
1457	1460
64854	57599
3654	51135
852371	855477
30011	867
23532	6923
855320	851415
867	10253
856919	853479
851048	851061
854999	852955
23512	8726
816133	816394
851153	853644
6602	6598
2885	1793
7273	8557
10987	50813
53615	8932
5595	5604
852724	855507
1207	6632
854505	855844
4615	3654
7157	28996
855489	853062
854465	856091
1385	1387
855605	854016
856731	850611
35653	32855
851797	850998
836	331
2475	6198
852665	851810
856891	850409
23291	6500
4850	7322
852003	853147
850888	851831
7013	26272
851076	851076
856076	853148
5450	6477
6045	7703
84259	8452
1147	8517
8883	9039
3190	3190
856604	856485
7157	7337
167227	23644
11091	8350
850930	856458
988	10286
854166	852790
23512	2146
326	326
5914	6256
5700	5702
823964	831345
855104	856476
856891	856201
5705	5704
6924	6921
855459	852580
856807	852265
57187	10189
991	891
267	7327
1019	1030
155030	7251
7265	10193
852205	856570
851071	854912
855744	854345
3065	5371
853385	853409
836506	832438
854192	855224
896	1021
4171	4173
852373	852001
852728	851562
851520	852294
835697	831765
10413	7161
856311	855883
851203	855844
8841	5468
10238	1859
851549	856852
1058	55355
23163	9135
852591	853177
852079	855237
855339	856530
2033	8626
5690	5691
854776	854204
1956	5296
6187	6189
852071	850691
8353	8208
851255	850806
8452	26249
851306	850934
851513	850601
7706	23586
18024	22190
851337	852468
852059	851723
7251	55048
855700	852294
855068	852995
1025	56257
3551	4792
856831	853353
851261	850840
856604	856723
4215	5607
6809	8773
7186	7189
8945	64798
854153	850654
852819	853909
856919	852344
854113	855387
854149	855036
852974	851797
1020	4137
9844	1793
2057	8835
867	6714
580	580
9184	701
51720	7316
8661	8664
20614	22318
890	1027
64151	10051
23476	54904
7428	6923
853017	856901
855499	851415
853504	852673
855898	854778
850760	852860
853327	855950
855828	854106
5516	55917
4204	25942
4281	7323
851197	853576
854882	855362
851813	851163
853369	851520
8676	8773
1487	2122
8661	8668
5928	9112
851934	852096
5702	5705
2542761	2540660
10758	7189
29945	246184
850598	854680
827510	843609
332	332
851071	850419
64210	51647
7316	7316
851579	851782
855386	851788
472	25
66734	18412
854353	853729
851745	856891
850930	851904
850713	854813
855836	853489
853353	852122
4193	6201
852373	851745
856303	850878
851394	850440
851266	855404
3984	1072
7341	9063
51028	11267
1026	5111
23411	2309
850935	855228
850598	850419
155871	6598
26249	65125
9738	79598
27005	7316
71950	18999
8932	3065
10524	8359
10616	7316
23468	10155
856716	855180
10155	23468
854745	853908
855873	852747
856862	854851
112869	10474
8451	51138
855386	853650
894	1026
851415	854322
852497	856096
6117	6118
2542414	2542703
851678	852995
850677	855339
57697	2175
3621	8819
852665	851136
10598	3320
8717	7186
850430	852822
853956	856449
2071	2965
54904	23476
367	10499
7157	2033
854519	853526
7251	137492
2885	6655
6595	6601
867	6850
7157	2965
396	387
57599	7398
57154	7332
8405	2078
329	7185
851076	851680
5700	5705
25	867
54623	79577
64854	23239
4297	4297
867	1436
852921	856042
4582	1499
50855	998
854543	852039
852549	851407
1173	162
1466445	856499
54331	2782
851678	853320
854875	854993
51377	5704
850808	853509
851803	851803
23118	6885
1911	648
51035	7415
855758	854162
7013	80351
6400	84447
851678	855789
855663	853317
983	1163
854827	852512
852728	850534
855066	853409
2885	6464
4234	10785
9817	9978
7979	9861
856360	855757
983	1647
2237	7486
57448	56616
2288	11146
1643	51138
3667	5295
10494	6801
856422	850554
852404	856089
8453	55832
851196	855302
7347	7316
54708	9927
851261	856062
856912	852833
6256	8648
850654	851223
322	351
855934	851716
852200	854072
9261	1432
851963	852191
856870	851271
9477	54797
10106	83461
856449	856063
852607	851136
4780	9817
854284	854433
853041	853551
853427	853091
8648	2099
7936	51497
23429	6045
851482	851653
7068	6256
1466445	854431
1490006	9730
850872	855599
854688	853359
6045	7874
4193	4193
25913	7014
26270	6500
10664	142
852664	852088
6804	6844
852810	853301
852762	853439
2540620	2539164
84324	10212
57154	387
851259	855661
7157	5743
855489	854138
1616	7341
6720	1387
8453	7428
9770	6789
10498	8202
851723	855276
21849	12419
2539644	2540578
5683	5685
1487	10320
219541	23097
5499	286262
856604	851336
5193	5830
83548	57511
9646	54623
699	701
30827	11091
10362	23028
4985	9737
2054	8773
11124	7316
854435	852037
8607	10856
9978	7323
2188	2175
18999	99377
851265	852472
3091	6921
867	30011
8841	6907
855605	856700
8665	8662
852659	851114
34595	38565
853876	854918
6595	6598
2177	675
1432	8986
851488	851115
54880	604
57521	64223
23235	7415
851415	854999
4722	55967
851396	851680
10524	351
3739	1742
856843	850447
856919	850981
672	3093
8031	367
852575	852003
155807	79016
854381	851632
3065	8932
853202	856461
855473	856119
472	11200
5687	5688
852497	855017
851408	854435
4085	4085
10189	8563
856743	855744
853910	853178
4088	2033
850998	853896
373	373
53615	3065
853275	851193
854976	855404
852071	856136
10274	8243
852580	851699
7112	4000
3066	9219
851716	854940
267	9709
850325	851076
853896	850998
178547	172737
57521	1978
852766	854017
852025	850808
51377	5706
851562	856827
854353	856409
850694	853340
856862	852960
851207	850456
192669	23112
5469	9862
855386	851220
7046	7048
8314	3054
851745	856096
23327	6338
1956	3312
856680	852673
2932	8312
84464	80198
851996	851996
854289	850504
856129	852295
5925	5931
1956	3326
3607	8314
854519	854518
853409	850552
79682	55166
9184	7756
1956	857
853462	853500
9739	80335
23028	7157
2885	867
6790	22974
2071	2966
672	4683
1026	1017
852995	854229
851195	854258
1387	3172
5071	3308
8625	5994
5870	636
851797	856746
854059	854315
1499	324
855271	856062
2542884	2543396
853956	853993
852728	856667
855271	851112
23468	11335
1647	5111
9656	4683
79003	11130
889	9270
51176	1499
219541	1024
10980	80344
856130	850793
854790	853503
852766	850347
5901	1104
852549	851548
855821	853167
7132	3551
851406	851151
852732	852109
839907	834756
855836	852452
4194	7157
867	5295
852728	854361
850554	851461
855428	854773
9612	5914
850459	850406
8945	6500
852536	851085
7329	9063
816394	837479
851244	853034
856422	852834
5777	3903
6117	6119
854813	854697
853528	854748
856674	854284
850601	851513
850440	855575
2541522	2540578
83737	9113
1017	1028
853922	852610
7316	8517
51147	5970
852059	854017
3265	5900
6599	8289
8945	997
140462	1152
853191	850409
27005	79923
55957	286826
855836	851800
5692	5693
856012	850695
852762	853760
856741	851243
853034	853034
2542796	2538838
1956	2810
853956	856863
856743	852492
856311	855678
9817	3551
855177	854543
267	22213
851564	851676
852549	854221
7186	7334
64326	7157
5565	5563
3066	9112
23291	9882
1874	5934
854150	851771
850440	853318
56852	5429
5689	51371
850818	853846
581	598
219541	51003
9978	6500
850930	855942
29781	23310
6502	51343
5788	23193
851678	850695
850554	851967
155459	8065
2874	6907
855269	855335
852665	852865
851501	851501
851745	855276
5048	6249
10963	3320
996	29945
852995	854446
854150	852294
856360	853192
8766	80223
83932	7415
852471	854328
8878	9817
672	571
855710	856309
850623	853030
851136	852582
10617	5119
855828	852834
6601	6599
5713	5709
2648	23326
856886	850620
856909	856674
6502	1017
50813	10920
852766	855267
853752	853355
856220	853017
12447	12566
8453	6921
855959	850708
4170	10075
22954	22954
853788	850807
856360	856091
9733	9958
855449	850543
2067	2072
148022	29110
113130	5885
4087	4088
854418	853364
854809	856511
856723	855068
856604	856012
855276	853167
9557	142
26277	65057
850554	850620
852457	851724
855263	855276
853723	856141
1410	1410
10253	867
10425	7332
140462	8065
56915	51013
5429	5111
856716	853455
855555	853539
852512	856089
1025	904
8175	10291
855592	855243
853010	852819
853409	852703
3397	4654
852451	854519
8878	8878
856168	850863
852996	855485
854446	852995
850623	856216
5501	22853
835759	828151
856854	853313
852059	856060
1499	999
827605	843845
6908	6874
5571	5562
852996	851415
851957	851957
219541	9477
852431	853252
7068	8648
2175	2178
850647	850651
856891	852497
4193	7321
23016	23404
5888	7157
850409	856891
854387	856394
9612	604
856463	855335
855470	854034
820135	829301
8266	7917
851934	855841
4961494	8517
855263	852001
851678	856575
1191	581
7515	11284
1819	51389
851255	855399
64750	4092
855741	852200
817586	835697
852371	855357
854681	851726
852100	856254
7428	2335
7316	8878
853728	853728
11060	11060
856687	855908
598	638
854249	850879
51377	5700
1499	6925
850905	853499
10987	10920
852497	851756
2542615	2543355
5901	7514
856575	856126
854017	853167
8878	5590
4363	4363
851740	851558
3065	3621
9656	3014
855836	856425
856060	852497
852575	854284
852814	855263
851112	855271
4851	9794
581	581
852549	856095
853499	852778
219541	5469
851400	852457
850347	854017
7415	4287
5058	5879
8535	648
55233	26524
1173	161
1643	8533
852995	856012
853535	854436
23764	4780
856891	855017
1466445	855263
3619	55143
853555	851895
2175	2187
84246	9968
330	8767
150684	5970
6602	6599
851676	856924
854227	852865
852119	853922
57332	648
856723	851530
854465	856146
855243	855602
5701	5714
5607	5598
23197	337867
851752	851752
852071	851450
856723	850688
6446	23327
852762	851691
155807	1642
856218	854544
29110	10010
3065	2099
850998	854434
79577	54623
852492	856437
598	578
854813	856311
853846	852194
851408	850554
1024	55090
850930	855418
855177	855357
7329	5905
856422	856223
856168	854742
850702	852561
5522	5515
60485	6789
7329	19387
123169	79577
4683	472
5071	2861
5516	8500
993	8945
1399	25
7186	4217
10614	51574
851415	854791
852766	851723
853109	854162
856220	856901
6047	6613
1024	9969
852457	856518
853096	852822
5371	1616
1387	4602
3815	5295
856723	852995
853886	853150
5595	2002
11186	4131
856731	856607
851100	856019
856753	856876
850872	856471
367	1499
11157	51690
6788	6789
851928	854765
16706	5605
854038	854335
1410	3316
4646	22853
1147	4792
851797	854434
5925	1869
852766	852373
6597	5430
852457	851400
853528	851532
855642	855203
850585	855861
850760	856455
9739	9070
856305	851699
852766	851756
23112	27161
988	5356
854821	852701
1017	890
5469	10001
851431	855089
851996	854353
5531	9989
22034	22190
856455	856743
9820	9978
54165	8065
6667	6670
851957	850909
55165	10015
852766	853167
983	5925
257397	6885
5501	5511
1432	2872
855386	855097
50813	51138
5683	5688
5894	5925
9219	3066
3312	9532
853976	854937
850676	850504
5700	5716
853892	851143
853167	852059
580	672
853712	852575
999	1499
851520	851813
854434	855838
4281	7321
9611	9759
10133	7316
890	991
856519	852561
604	9612
11060	7332
8661	8666
29128	8290
852665	854290
852560	856459
851125	853376
51429	1785
856130	854656
56957	7316
201163	96459
983	3024
856576	852200
854138	851874
851250	856577
1978	57521
5468	8648
852499	850930
854791	851415
3178	10236
23468	5928
856057	854925
39744	41942
852766	851745
2100	10499
852234	851647
852569	852779
853576	856263
17246	22059
852555	856743
3320	10598
2280	2475
2539467	2540392
853585	852177
55968	7415
821879	825473
14056	13626
5071	9627
855725	851259
7251	51271
6714	10657
25898	25898
855263	853167
54512	5394
19766	22190
7157	7528
856518	853504
9577	29086
1029	9320
4089	7329
852100	852501
856130	853373
851100	856594
405	196
6015	648
120892	11140
1019	1026
850633	851752
1029	4193
835842	832518
983	891
5423	7515
856429	851771
5782	9564
843407	840158
850760	853985
8661	8667
26092	1861
852369	853876
7936	7469
856674	853712
852468	851431
10362	23186
851159	856889
855821	851756
854434	852974
7936	25920
6045	648
6732	6426
684	155945
853264	855757
3014	142
854886	851424
1025	10614
851263	851061
6921	7428
5295	867
330	330
852610	851811
84246	54797
7486	2547
5782	6464
851061	854265
853376	852060
1956	2597
1027	10987
4088	1387
853503	855406
10670	57521
856862	853290
154	57561
1024	9282
855102	855426
6921	6923
854898	852016
852439	855335
8945	3096
314856	24842
123228	4738
867	4233
23746	51667
855386	854158
2175	199990
1387	6772
653361	4688
6804	6616
6667	3065
4361	4683
853958	853814
3654	7189
854353	856514
1459	1460
851632	854381
5684	5687
13626	14056
3751	30819
3065	6667
4790	5970
856422	850562
9978	8452
853985	854345
7248	7249
5501	84687
5516	6801
856484	852377
3065	1108
5702	5704
854431	851737
856218	855362
1973	1981
3654	3654
5300	5371
856572	855583
6667	7157
852013	854322
1104	5901
856536	852122
855821	856499
4149	4609
854444	851342
854283	856226
851884	851415
855592	852973
8451	10920
1207	6633
10203	10267
855263	856060
22827	29115
856422	856742
1387	5970
835809	829541
854149	851171
10094	10092
855584	850504
367	56924
856919	852255
1025	1025
2885	9846
856290	851415
2099	3320
19821	12151
852838	855083
851934	852885
856870	855359
855318	856862
2065	5295
856731	854544
856675	856057
853397	851379
7124	7133
25913	26277
5573	5575
853846	856571
851561	854786
4085	9587
10926	8317
851847	856571
200316	155459
54797	5469
84447	9709
3725	2353
1017	1026
4193	7157
852235	856321
4722	4723
2099	1387
851928	850539
851255	851895
1017	3024
852788	853808
852322	852042
855357	855177
855925	851471
851159	851159
6714	1956
854662	856738
856576	852518
837587	821705
851591	853423
851396	852931
854078	853682
856518	850656
853266	855404
18708	12402
852995	856126
5715	5702
26524	154796
856862	855318
843	8772
853252	852431
7520	5591
852371	852039
22954	7321
3772329	36390
2543544	2543281
11315	5071
853455	856716
855386	855626
853760	852431
852665	851811
842733	830586
854822	854822
855965	856519
9101	7316
856435	856659
852457	853244
851757	850620
856919	852966
856743	852555
8932	53615
852265	851396
853503	854407
2033	6774
853956	856723
1019	1029
856862	854183
64151	23397
852996	852726
855561	850822
853109	853062
84447	84447
10013	7846
9070	11091
853109	852987
675	10362
831162	834719
5805	5805
5092	5092
2543580	2543580
2540574	2540584
253260	79109
853475	851415
2099	5469
854976	856831
856154	855357
852258	856680
854042	851701
851847	851696
7157	7157
856435	856148
84313	51028
7157	23411
854020	852582
8078	7316
855925	852896
3646	8663
854954	855828
57599	64854
8517	3654
3320	10273
54971	7157
1022	2071
7874	2703390
60485	6788
853576	855843
850793	856680
851150	851415
832467	832467
6477	6622
852665	854227
853160	855539
856577	851250
852059	855263
1387	2099
1024	112950
57617	64601
853667	852222
1643	8450
855139	852555
10980	8451
852373	852059
8027	9146
851266	854976
329	8737
1024	9440
854106	855485
1387	672
3320	4846
854150	851810
996	51529
5925	4193
1021	1032
26190	6500
12566	109740
55746	57122
856844	855066
855998	851369
1410	1409
30827	5929
854150	853922
50813	10987
851163	851813
7316	8078
81631	23192
27125	904
267	7316
852294	856106
856847	850879
855621	854825
850450	855584
856226	856119
27161	23405
852305	852755
856919	852084
820793	832196
2099	4193
852110	852433
850713	850767
854102	853817
852810	854791
7329	142
4086	57154
672	3014
850520	856490
852646	854213
4087	64750
856709	856709
854776	854227
11130	57082
57697	2178
2874	8841
8837	841
5571	5564
11186	55201
5594	4155
5501	84919
853409	854691
16468	52615
2099	2099
851776	856870
51343	891
851532	854748
853090	856089
854791	854322
891	996
850328	850734
7157	6597
855319	850620
1386	3725
852497	854017
853071	856912
850744	852766
5976	26019
843407	834719
855144	854662
856237	852457
2033	3725
8350	55723
851730	853083
16468	13626
2175	57697
851136	854290
94121	5873
8737	6885
856774	850343
2735	51684
1956	10015
79657	55011
852013	853301
850554	850613
867	2534
856713	852801
57690	26986
1409	1411
79980	79003
851800	855836
855782	853996
1161	1642
856161	853945
4170	10018
854162	856466
856919	854485
856435	854509
855998	855512
1026	898
853528	853856
852556	853942
851770	850713
2538816	2541446
4194	4194
8517	7316
851326	851743
850554	856355
10075	4609
852782	851000
854315	852383
6477	28996
1021	5925
852728	855665
853029	851924
854660	856162
8666	8668
856076	854161
997	9978
4683	4361
890	1017
852457	850768
11091	9739
854480	852744
855583	855468
1387	4780
5071	7332
856919	853681
852265	856058
852977	856103
5704	5708
5371	5914
850520	856134
10403	57405
854179	851421
856237	850768
853632	855090
79109	253260
26419	16476
854827	851991
5048	10726
856571	852194
8661	27335
2541264	2539467
854138	853109
2885	5786
23658	51690
57122	4928
853327	852294
855897	856843
854827	854662
855782	854994
851450	851415
7158	7157
854282	853942
851250	851250
851373	856507
853071	853303
10010	7187
856607	852037
853219	852724
7128	7186
855892	853551
856743	856183
10362	51317
23118	7189
9533	51082
852352	855460
2539642	2539047
821055	821055
3066	3065
23327	7332
855567	851431
5501	170954
6790	7157
3320	10963
854995	851431
5591	6118
855048	855570
855892	853010
856303	850712
854791	852451
855532	851061
155030	10015
6801	7871
852399	854694
7520	7486
8829	7422
852778	853808
853340	853298
5710	7316
1029	7157
851742	855221
112936	51699
855638	853804
851201	855952
5252	2146
853450	854928
7534	5894
852039	854543
2033	1385
3608	3609
10287	2773
27101	6477
54165	8450
10015	55165
4088	6497
850692	855765
51667	5710
10524	57634
850713	856354
2178	2177
8451	10980
2189	2188
852790	850970
6493	405
851212	850455
6256	5914
5584	8878
80198	84464
851255	855499
854469	853682
5245	1869
852779	856126
852371	855177
851545	856130
852101	852977
26088	6272
856891	856891
852996	852555
856563	853153
7534	4140
10013	3320
5468	2033
855898	853688
852059	850347
919	7535
11200	672
3065	23186
3609	5610
4193	3320
57697	91442
850744	851756
856870	854507
852411	853512
112858	55644
9894	5591
598	581
6667	2033
852703	853409
5501	7159
64601	57617
1869	5925
9646	79577
854444	851168
850658	855475
64210	9391
26088	3482
851924	856603
854162	851447
854283	851568
7099	4615
2033	328
850734	850734
852766	852497
219541	54797
1207	10419
9391	51647
852097	850878
854937	856291
2540719	2543289
4609	2033
852501	850980
4615	51135
855013	853252
853539	851024
1017	9134
852422	851643
855237	852230
5516	85369
852612	851000
855276	852373
853552	851928
56946	10951
2885	613
5468	857
853539	851373
1457	3066
9040	8454
84246	112950
850863	852618
854256	851261
851452	850594
9318	10987
854662	854085
854662	855144
55294	4851
23411	23326
852666	853077
7181	8841
1487	7764
851934	851115
5970	4792
854106	855828
8945	4790
7336	7334
7531	7534
5111	1026
850980	852258
829480	830095
2033	8850
4790	79155
851979	855454
5792	8500
856594	856019
855428	856799
3091	7428
23476	904
853922	852283
5241	8648
8452	57542
854869	856129
7157	7329
53615	57459
7336	7316
25936	79980
993	23291
51438	10155
55588	112950
6885	7189
331	7322
253260	207
129685	6878
819593	824425
856169	851906
4233	867
3364	5810
856136	851450
330	8737
850613	854435
219541	9442
25	5071
672	5888
838573	838573
11124	7353
9616	8065
648	648
854158	855920
5515	5529
5111	5984
7353	7415
855597	850909
1017	1163
851306	851306
853160	851678
1956	6772
7251	23295
2885	10451
856435	852424
5564	5562
856057	856675
79003	79980
8928	4087
2033	121504
7186	3551
853109	851874
851564	856924
851091	854674
8661	8662
6789	6788
10603	867
855737	856320
7528	6667
18609	228866
818549	834676
79791	8454
4300	27125
8678	598
1643	10920
855471	855264
5515	5527
850702	853851
854322	851415
672	672
1024	9439
2541889	2541590
7337	7322
2033	7528
856218	854119
854827	851197
6886	4005
1977	56478
10933	55257
854827	852787
855276	852766
853332	850686
853327	855700
9126	10735
856862	851415
856577	850909
23246	55759
3014	2547
853114	856002
7317	7324
6789	6789
856663	852556
8881	246184
1025	2289
6045	7323
1000	1499
2288	3320
852987	853062
1398	1793
207	4904
856607	856223
220134	348235
852497	853167
10421	24148
8027	7316
8554	7329
855459	851699
10891	5468
4175	4175
1500	10009
7316	9146
5977	6597
79184	51720
851803	855950
80854	5970
56658	56658
6498	4088
854882	853036
56160	197370
8651	3717
7157	3308
51676	8065
855785	855844
10459	51343
852549	856815
9402	3937
7874	1786
816538	816394
5704	5717
853029	856603
2885	2549
851424	853986
851532	853528
854487	851548
851410	855429
852492	855485
856085	851206
855460	856291
852814	856499
12387	12550
5778	5594
9627	5071
850760	851415
851071	854680
8766	26056
856321	852235
8533	10980
331	842
3065	53615
55208	8451
854152	855884
51185	8451
6500	93611
5683	5687
8678	30849
1956	5336
7251	55165
853340	850694
850686	853332
6733	6426
852728	850504
854886	851928
855925	854956
851686	852556
9318	8533
851592	856870
65123	79035
856604	850796
854273	851112
852100	853373
25913	65057
853531	854059
1021	1030
851740	856382
852050	852295
852810	856317
13649	12402
839907	817206
852497	852373
855664	855890
851686	854282
853479	856848
155871	904
8454	55832
853327	854203
4085	701
855861	852881
9616	7321
850744	852001
856463	856126
854085	854662
853886	855623
197370	56160
855360	856594
854434	856746
851431	853667
6733	9584
8915	10892
896	1026
8065	9978
853846	850792
23194	332
93611	8454
856594	853114
55829	79139
2542409	2540650
4085	8379
852755	855934
856575	856352
29979	7316
29760	2885
856409	854353
853712	854433
856130	850980
856463	854229
4999	5000
852996	854345
851461	852037
23246	23481
855328	855132
856062	851112
1024	9862
26234	6500
9611	5914
81565	5048
856731	852239
853886	850563
55211	6455
855520	852234
7329	6613
854519	856119
853167	852295
2539087	2542632
852982	850326
12566	80838
5071	11047
855636	855636
7161	4193
854509	856435
7994	7157
851579	853010
23770	54583
852295	852294
84727	4843
3396	11222
854918	853072
2541699	2539513
851478	851990
850980	856680
14810	14812
851363	850692
852373	852814
854509	856659
854656	852258
9276	1314
1643	1642
5607	10746
853160	856604
5683	5692
10419	1207
5987	5987
5897	5896
855844	852892
852665	852582
5371	7157
2957	2958
852888	851415
2175	2176
855828	856891
4733	55854
8945	63967
852013	854999
855785	851742
850620	855739
28996	7157
852788	850905
83547	7879
51377	51377
2547	1191
852119	851373
853167	855821
854138	851447
9126	8243
2540728	3361323
854822	855640
852793	851666
51455	10459
2543580	2543086
10362	3065
8726	23512
7322	4850
851647	852234
851394	856700
7251	90678
824036	817340
54472	3654
854519	856317
10771	8290
852660	851112
10987	2873
856422	854284
852371	854543
5868	8411
854018	851494
855386	856134
6908	6879
850638	852294
11091	9757
852772	854504
10987	1643
51720	9577
2541165	2539399
50855	5584
2274	2274
2542358	2540643
367	8031
3065	7157
852755	855297
10951	10155
22909	4292
854827	851097
854383	850803
856654	856106
7428	3091
26259	8454
851653	851112
855587	856778
2549	2885
867	1398
84246	10025
9146	2060
2308	1387
853029	855118
819242	816394
5347	79866
6602	6595
1025	4300
855561	850508
853909	853010
273	1759
5516	25843
853479	852255
2542796	2540784
854940	855583
10379	6773
29086	79184
1017	6502
6667	2099
79728	5888
8792	7189
854150	851811
51343	996
853942	851686
853928	853928
853942	854898
853632	855726
7307	11338
855838	856746
6788	9770
856507	856507
856463	853682
29945	996
851561	853371
5597	8550
856680	850980
7528	8841
8607	8295
5170	5590
84447	79139
2033	6667
853641	856870
3065	3066
51377	5710
851431	852222
851520	852295
83548	25839
55957	132660
852825	852825
856919	852964
819296	819296
8658	7013
10212	84324
27429	331
3020	7290
855473	854518
18999	107932
854161	853148
5695	5685
64837	3799
852577	851691
853191	851723
852873	854882
855751	856042
7186	10010
5364	9826
5683	5691
2175	641
850552	852703
3611	29780
10482	29107
219541	9969
854519	854399
855306	855036
574288	574288
6047	6047
852457	852432
6921	155459
11047	5708
1616	11186
8737	8772
2033	155871
853340	854790
853167	855263
30827	9070
855489	850401
12402	13649
851532	851085
852740	855429
856575	851678
856731	856422
856483	855082
3066	53615
855194	855194
2543382	2539497
595	5925
850607	856738
2033	4086
5371	5371
84148	339287
867	7535
10617	2885
831765	835697
851204	853728
850367	855827
991	996
853227	851518
854017	852814
852685	851421
7316	30011
852987	856466
20466	433759
7329	7157
7157	6790
854889	850506
3066	25942
991	51433
24392	25489
852497	854993
852457	850879
850358	853539
9532	3312
6605	6601
4722	4719
1387	10657
855616	856499
580	7157
856435	851342
7532	4194
851744	854742
854192	851259
854827	852145
1387	8850
852810	851415
4092	57154
851255	850983
641	7157
853071	854026
6605	6602
7186	9020
850760	855485
854938	851274
851895	853871
5903	7329
856297	851903
2064	10273
10617	7316
856737	855114
58190	83461
853100	854191
855838	856154
55294	6500
852996	850760
4217	4217
1024	9412
30827	9739
51107	55851
6464	3635
7128	10318
856315	852695
9039	9040
854072	852200
1387	8648
11043	4281
851545	852673
841	841
5599	3725
1024	5430
5516	29888
856731	853168
855319	856607
267	23197
5716	5704
9730	4771
855036	855306
4149	4601
1025	6829
23385	5663
856154	854543
856831	852713
854827	851841
9112	3066
853385	854691
852660	850782
856919	851460
6500	8945
9070	4297
5111	5982
1409	1410
856060	852373
856743	852996
853298	855751
1020	8851
855450	855450
7157	10524
853191	855276
10111	4683
991	8881
850554	850611
11124	55666
983	1164
6996	7341
853876	852369
852810	852013
7316	10133
856870	855488
852432	852457
853109	855489
9025	8924
9021	3717
27040	5335
851163	852294
23028	3065
1024	9968
219541	10001
64072	10083
3178	3187
5976	65109
850422	851125
1387	8202
856723	850796
856911	854776
850713	853638
29966	6801
8202	1387
3020	546
850520	853364
855925	854749
2540234	2541871
10592	10051
855144	852805
4646	10241
1956	867
855925	856486
351	322
10014	10971
852373	1466445
854369	853807
25942	5928
852499	853283
856886	856886
5528	5519
5824	9409
4830	4830
850300	853886
1027	1019
853318	852255
8850	8350
23062	9135
5602	3725
57492	6597
37528	39683
22877	6945
855097	856134
852013	854791
176808	175802
852996	852860
7189	7189
4999	4998
855499	850983
856674	856009
853886	852566
472	7157
852059	851756
3320	2908
9611	5468
850367	855230
856514	854353
10040	1213
852352	850656
55233	9113
8772	841
852766	855017
7415	267
856743	855139
81620	6502
207	2932
6605	6597
852373	855821
852373	855276
852421	851964
853244	852501
855925	855155
856870	851592
1398	867
1108	3065
854204	852865
6601	6598
3065	9112
855934	853649
852848	852639
9402	11184
57122	23279
4088	367
5901	5903
29945	991
853942	851833
54778	6613
7161	10413
851655	850696
25	1796
852492	856183
851814	855083
1025	4299
854213	852646
856572	854940
5516	5520
851363	854659
367	8648
155971	920
6885	3551
983	3009
27125	1025
855954	855194
854543	855477
851071	855049
26088	9135
6198	2475
23586	57506
1387	3661
8819	3066
853167	852001
6778	8648
856130	852258
851957	856577
83932	5111
853109	854138
3091	55662
2541677	2540612
853009	854598
850540	853371
855013	855950
5071	7316
1017	1022
57521	84335
329	840
853191	854993
854434	851797
54165	9040
154796	10413
140462	548596
856723	856012
5518	5516
898	5925
4790	4792
55802	167227
5683	5686
199990	2175
246184	8881
855998	851259
855203	854198
5720	5720
851163	855701
51720	84142
2100	8648
851190	854387
9001	1639
4361	10111
850554	856731
155871	2033
853077	852666
8451	4738
1616	4193
1024	9477
5901	3837
5515	5518
2539847	2539645
2542239	2540735
851797	853896
854017	852766
856891	854993
851720	854646
3020	25842
852294	856654
851934	854966
472	672
84142	29086
854017	852373
84447	7157
207	2308
10413	7159
852059	852497
854876	850620
2539997	2539997
851877	851877
4089	4088
84108	6045
854038	854168
6464	2885
855263	855263
856891	853191
850424	855836
40384	42504
5111	6117
10274	9126
851136	854020
7398	57599
853942	852016
5898	10928
852728	851771
867	7409
851813	851813
9559	51699
851112	850840
852233	850396
854017	851756
8737	841
79728	672
1956	30011
854543	856154
207	572
8945	4792
851190	850930
854697	856311
852549	853714
853957	851441
855475	850658
7249	7248
3396	6182
10291	10946
5531	55671
10617	8027
1796	5921
850500	851431
219541	10025
856731	856742
852790	854166
7415	84447
120892	3320
2956	5111
2540880	2539869
331	840
2903	1742
7157	9820
5518	5520
10273	3312
856519	851265
6810	8773
2543441	2539016
23118	7316
852500	854979
2099	10499
55355	1058
852547	850567
25937	8945
2033	8350
855925	851061
1956	10013
25936	79003
850520	855586
854938	853513
675	2189
9126	23047
850878	856303
2538816	2540292
851263	855532
856559	854123
856731	854328
854168	854038
329	329
9759	10971
2541599	2540845
853513	855077
852457	856236
856603	855118
851797	852974
958	7186
64750	7332
3014	9656
331	7321
850422	853376
996	119504
4297	5929
854469	853956
83548	9382
850540	851561
2540620	2540784
854353	851532
829541	828714
30011	30011
378884	7957
3065	5925
825890	834663
850840	851112
830586	842733
852258	856130
834133	822415
7415	80700
2335	3678
855066	856844
850702	852472
6606	50628
3276	3276
7874	8833
8533	51138
10213	5707
851797	853463
56341	56341
850455	856799
991	890
853376	850919
851458	856817
10054	7329
854434	853463
7187	7187
851653	856062
855228	850935
4077	7316
64400	51361
856360	851645
855116	855049
155871	1387
84142	51720
852987	854023
816471	818568
81887	27043
6714	2099
850897	855569
1487	6935
855751	853503
855836	851746
3661	3661
851163	851163
852003	854284
996	51343
856731	852873
7010	284
6616	6804
5499	84687
854149	851431
856105	851135
856870	851150
850455	856186
29128	1786
851520	855701
851482	856062
596	3164
867	25
51455	5429
7186	29110
851030	853400
79760	79833
4914	5335
855738	855946
851928	853552
5531	57223
3091	3320
856911	852865
2932	1499
6605	8289
57187	79228
80854	8350
853275	851564
852773	853181
7428	23032
8678	7405
853632	855130
55054	9821
827510	828714
856060	853167
890	1026
7156	641
854700	852984
23012	81532
851076	850325
8667	8662
207	9261
5071	11315
852755	852305
5071	7965
851071	855116
854161	850594
2033	5111
854063	851671
155459	200316
267	267
852955	854999
851699	852580
851408	851759
10892	8915
855102	852383
27339	23265
2543086	2543580
852433	855950
6455	6455
851261	855271
852996	856455
219541	55588
854976	851266
51503	56259
827747	827747
4300	84444
855859	856736
10459	51455
25936	57082
55072	90268
1616	7157
5584	50855
10524	7157
23397	64151
856700	856700
856422	851461
855386	851483
7528	2033
814686	843845
5747	5829
5894	5604
850995	855907
851648	856831
852416	854960
19821	22658
163590	1861
1025	124790
853192	856146
852833	856912
10213	5713
852888	853098
1387	7157
851653	851482
852766	855821
852499	856850
5925	5928
9479	5599
7157	6667
6477	27101
854353	852276
1026	595
855859	854504
851112	851482
852819	853010
5824	8504
10043	54472
5218	1026
26277	7013
1933	1937
856731	854882
701	991
852838	854424
851071	856453
573	3308
2099	672
851752	850633
7251	79720
4615	4615
851928	854222
7421	8648
853016	852703
9126	23063
852322	853997
854504	850543
852059	1466445
11130	10403
4300	1025
7013	7013
855170	851788
851745	852766
850347	852001
4722	4728
6421	4841
856743	856437
850347	852059
851163	852295
855119	851928
56254	9810
854485	855767
824036	821449
11104	10300
856422	854435
852810	854322
51177	57154
851410	852740
80198	146956
852425	855983
856870	851776
851071	850598
856087	855532
3320	11140
2538959	2540802
12929	12402
92597	26524
120892	120892
8290	23468
81620	51053
855238	856263
852003	852834
850719	854527
817857	817857
406	9575
852497	851723
29966	29888
856862	851631
2033	4088
852931	852091
330	7321
855821	854017
10018	598
852995	850695
5692	5695
4281	7322
852013	851415
855470	851415
852665	852284
331	8767
1020	1027
6045	84333
851000	853133
1387	1385
856485	856604
596	581
5300	7157
851396	852265
853029	853335
10818	2885
856663	855258
856076	854761
824036	817341
5295	5290
851928	851083
852406	851957
83737	2066
12005	56637
27339	10286
996	4085
596	23770
29947	1789
996	64682
80700	7415
854993	853191
8678	596
851680	851396
54331	2784
855785	855221
5519	5515
852207	851213
4137	10273
467	3725
1649	1051
5501	286262
991	4085
851024	853539
852427	851204
851424	851928
853016	850552
6597	6605
851520	851163
329	7321
3065	23028
1616	8405
3654	57162
830095	829480
856674	852834
851415	853301
8945	155945
856168	852618
856612	851568
4193	7161
2542414	2539352
851071	851032
27161	27327
856723	851678
851209	855625
853191	856891
23406	240
26234	8454
29128	7874
26259	6500
4646	1601
55159	6118
55957	4605
10095	10109
3065	7704
850520	856696
852013	854399
853576	854827
329	8767
3066	5928
852728	855974
6829	5430
856680	852258
853479	851984
8517	10616
84759	6045
11201	5429
1500	999
1643	9978
851424	850539
4170	27113
84557	8878
852399	850399
55802	23644
5499	51729
1080	9368
852665	852607
5682	5686
1786	7874
856168	856726
853956	854446
2541372	2539050
329	56616
850554	853036
5689	5693
850450	855630
57819	27258
51652	10617
8878	84557
4436	2956
853376	850422
856680	852501
851320	851774
596	10018
2353	3727
7128	7534
3065	5928
853114	856019
6908	6872
850950	850803
852786	853843
2056	2057
5728	4734
2100	8202
856570	853681
852468	852939
855470	855911
57819	51690
29110	29110
855412	854504
219541	81857
856731	854435
854519	852451
856040	851135
4087	4089
4609	2648
142	7520
8717	8737
5468	9611
54386	7014
2885	6654
3476	4281
851306	851655
23118	10454
856042	855751
93759	7157
598	10018
7534	7534
1387	3725
1616	7874
55120	57697
6613	8554
1876	7029
192669	27327
853353	852385
367	10273
10210	7157
2542313	2540115
851163	855700
854138	854162
850589	850775
851159	852255
7251	9146
853942	852556
2690	3717
850840	856062
16367	18708
852955	851415
50813	9318
898	1027
855224	854192
851061	855532
51377	5714
3661	1387
856607	853712
854138	854023
2539050	2538848
2175	55120
648	8535
852457	855239
852255	850440
854827	856089
672	79728
18999	23942
856222	853555
852059	852814
23468	6597
850554	852873
29110	10133
852926	855342
850633	850633
856674	856422
828008	834224
851740	853313
854472	851309
855646	853922
852373	854017
7157	578
8517	4792
853091	853427
219541	892
854212	853828
9739	30827
854158	855964
853942	855258
3661	57506
8517	7128
8452	84861
852987	851874
2066	10413
852996	855744
852896	853857
8878	11345
2539838	2540784
5071	7334
6502	1027
26043	8453
9817	4780
7124	8737
854418	851962
851678	853860
7186	330
1956	2064
853986	851424
6047	7321
5610	6895
197370	286053
2010	4000
5921	3265
23492	648
1460	1457
10956	6400
853956	856217
71950	99377
1399	2889
51529	7321
84142	79184
852373	856060
830987	832283
856604	854229
5516	5528
850744	852059
3065	5970
854992	853946
856862	853037
129685	6881
850554	852239
1876	7027
851019	855625
856743	851903
852100	856680
852497	856891
898	1017
851024	856507
6934	1499
8202	2033
852100	850980
7334	7336
7415	10277
10524	322
79109	2475
9219	5928
852996	855139
855387	853636
6449	7917
851882	851453
4299	4298
29086	51720
7157	5371
850554	853147
10498	1387
672	4609
367	8405
571	3161
10075	4170
853516	855908
856076	852743
55958	9212
91442	57697
851142	855937
9612	8841
854519	854385
5970	4790
3981	7518
854063	850454
853728	852427
23291	84919
1108	9219
5704	5705
850554	856422
1499	6934
855561	854677
25	1399
856162	856162
852222	851431
852794	853422
854273	853870
850818	852194
6789	9770
55072	81858
83932	7316
12402	18708
672	84142
856519	852080
4090	57154
852457	853283
853191	854875
854222	851928
29945	51433
10657	6714
5888	675
852881	856236
7128	7529
843609	829541
850554	852037
10018	8945
852518	855194
5887	7316
27252	5371
850584	850584
855479	850577
850692	851363
996	29882
853535	851415
837479	837483
853909	851782
850760	856183
856076	851430
613	2885
10987	8533
64750	7316
853639	852916
850580	854206
9372	4087
4780	8507
4793	5970
79084	10419
23291	993
56852	7319
855276	852497
4087	1387
25942	3066
9770	6788
5873	79083
1642	8451
855925	855934
856695	854123
7409	867
853985	856183
856920	855426
850554	851140
4734	4734
850520	856499
4734	6337
852059	852766
4193	9349
8452	9978
854543	854543
5562	5564
5682	5692
2011	23255
3611	55742
855925	852042
1080	3308
854519	855473
854273	853638
7020	4869
27238	8449
853840	853936
4087	6497
855263	852373
855737	855571
5295	2885
856848	853318
1616	2908
51377	5707
851456	853462
856593	853529
57506	7187
851686	852083
55611	7322
65018	3320
6477	6477
834133	834133
852724	851831
253260	79899
856891	851745
851678	850435
896	1019
852421	851262
12005	12005
2543671	2541916
6597	6599
832453	835240
850702	856519
1080	3312
854680	855049
853846	850818
155459	60489
1956	4067
852037	854284
854150	855841
1786	5111
855897	855704
7189	7316
83990	672
851445	853416
5683	5689
850325	856191
286826	4605
851052	851478
4281	3476
7046	4092
6605	6603
5111	5424
4205	10014
996	8697
5516	5529
854469	852976
8314	3607
853806	850983
852100	854019
2538736	2541856
853986	851624
64750	4087
5701	5711
855739	856387
853148	856076
852778	852788
852695	852695
851745	851723
851000	851565
155459	6923
853531	852383
853167	852373
26224	1407
1409	1409
855751	853340
856862	851996
10933	114932
4734	4914
2104	2104
852582	851136
10987	7157
5713	5719
84464	2067
851928	854886
851461	856607
372	1315
856604	855789
3837	9972
832523	834133
2058	3376
851415	854157
1017	3005
7531	5894
852428	852753
852517	855005
5111	9768
855013	851250
996	51433
5725	5725
93611	6500
7515	3980
854150	852885
10213	9861
2495	2512
6774	6714
839241	827049
855532	851048
672	7323
23291	1499
850826	856559
2072	84464
827605	838518
856087	855356
21849	12412
851545	852258
852987	850401
851559	852860
852084	856307
851686	853942
9612	7704
83737	8626
852373	852766
855499	851255
999	1500
4722	4729
9410	10594
6613	51588
855925	852833
856511	854809
18024	50868
10933	80314
1207	6634
852099	852034
1025	5925
856021	850712
854904	855687
9368	1080
23291	8454
3065	54815
10594	9343
850744	853167
852984	854700
839495	838573
23492	6045
850900	854598
4436	4437
856607	856742
850803	855208
855399	853871
851975	855264
852575	853712
1956	6655
12428	12566
6598	6597
983	1026
156110	10005
64170	55223
855263	850347
853147	854284
2542503	2541033
850349	855739
5516	3476
8915	84433
991	51434
10480	8663
5604	5594
5713	5710
2064	3320
853922	851811
856154	856746
852235	852688
852660	855271
6498	4087
10197	10197
8451	50813
1956	6714
664	664
851337	855319
1956	6464
10273	3659
856267	851924
1616	546
6925	1499
854230	855700
851723	853191
1956	84959
10933	8295
1739	8573
851928	851424
10987	8450
10015	30011
7335	7334
1786	3065
855583	851716
836259	835842
5601	3725
6908	6878
850358	851373
855073	850559
852822	851485
851458	852864
4193	6125
12578	17246
853814	853958
3434	3437
852224	851643
23186	23028
850793	852501
25262	50522
8797	8772
1017	3009
996	991
843407	827511
5683	5690
852276	854353
4771	9113
23054	6256
672	83990
207	3320
851591	852095
856223	856742
10010	7186
851924	853335
854162	855489
836723	824455
5725	3191
856870	852334
65057	25913
850623	850623
850762	856021
853718	853450
991	701
1025	27125
6688	2624
853886	855705
331	836
852536	853856
854878	856085
23049	5976
851745	852373
55208	8065
25	2885
851482	855012
11035	8737
25793	9491
5518	5529
853712	854735
9318	10920
6464	1956
1616	4217
855263	852814
834676	829480
855925	852755
5970	2033
856603	855977
1616	5371
7067	6256
6400	10956
29089	29089
7337	7157
1956	1398
25842	146059
64223	2475
2539047	2539642
5914	9611
55611	7334
853147	852834
852974	850998
856713	855638
1017	6500
1111	63967
5883	5810
7014	54386
853335	855118
10419	79084
851431	852939
855256	852042
852235	856689
10262	10992
825473	843928
855170	853556
4175	4176
852607	854020
1398	6654
855925	851988
2475	57521
852457	851691
852088	852032
855271	851482
1024	6837
84759	84678
852100	854933
855067	855448
29843	5905
5885	10735
5111	5429
10956	7184
3717	8651
855263	851745
18999	56380
51138	50813
854518	851734
4088	55914
4734	7324
856263	855822
8450	1642
852003	854433
8850	7157
5537	55291
641	7156
55914	2064
5925	2972
851337	856674
852889	851661
23327	23327
10133	4218
57154	7323
8945	27250
10133	8737
57697	2189
1616	3020
16706	5604
851742	855844
6749	11198
851255	853060
6597	6601
852747	855873
84464	2072
853539	853539
22059	17246
7329	8554
850702	851265
8900	1017
6714	6714
10980	8453
6125	6135
855276	853191
853846	855549
856060	852059
51444	5892
854659	851363
855700	855701
6915	2776
10614	1025
5335	1915
274	6249
84464	548593
5966	5970
850554	854435
27342	9135
10524	10524
852421	854277
2332	8087
387893	8359
9338	8237
5395	4292
11116	9857
851416	853817
854781	855036
851737	1466445
856891	852766
854017	852497
55914	8502
852059	852373
856303	855101
5683	5696
855012	851653
1017	5925
7391	7392
855237	853589
853383	854598
79139	7415
851404	853895
856311	856498
856360	852592
23397	10592
920	3932
4170	578
5468	5469
11267	84313
855013	851561
826470	817857
856919	856751
23054	2099
854827	853817
2885	5747
55072	7316
867	867
852695	856315
8881	996
9984	8563
854434	850998
856422	854735
4087	55914
23197	51009
856891	855267
6597	3066
1861	26092
331	331
850455	851212
855821	852059
5501	23368
854465	852592
854283	856320
837483	5007942
367	367
4609	55294
330	7322
2541856	2538736
155807	8451
852757	853892
8850	8359
853191	856096
57111	10133
852665	854020
672	7321
55294	55294
51377	5709
852492	855139
852995	853860
25804	51690
2873	8533
7329	3093
852194	856571
2547	7520
8452	55832
854204	854227
207	1147
701	996
4089	6497
851752	856912
850613	856742
853806	851895
855691	854303
855116	856146
7979	5709
851394	855605
850554	854544
29110	7187
5894	7534
855613	856449
999	79872
856483	855705
695	695
2175	2189
4734	7322
856130	850297
56852	5111
117045	116636
3735	7965
852873	855362
852996	854106
1241	1241
10681	6000
5701	5708
2178	2189
8837	8737
84246	9440
7965	3735
853167	856499
1956	3303
9529	8379
852766	852059
5608	1432
851776	853806
9730	8451
855097	854158
5469	10025
8792	7186
140462	1159
51377	4798
6780	6130
23111	11059
258010	7415
10980	1643
856154	853463
2033	10370
4055	7186
4214	5599
850440	851394
5900	3265
6449	8266
5562	5571
151987	5531
8452	200845
7013	26277
4173	4175
1025	905
7187	57506
839529	829604
2539869	2539640
55143	332
856889	850440
7703	6015
1020	891
856463	852995
853318	851159
199990	7316
5564	5571
6286	6286
856130	854019
854149	854979
852492	852996
850554	852834
855640	854822
64400	84376
829480	834676
6908	2972
572	598
851624	851624
330	842
6733	6625
7189	3665
9391	64210
819242	817857
1956	7534
853667	851431
852838	851814
8945	114088
5111	10572
2099	8648
23291	114088
6788	60485
10971	5894
3551	10987
854418	852294
54623	123169
853555	850983
855929	856530
856507	850358
29925	29926
9025	9656
2017	10096
2539047	2539487
853956	855890
53615	9219
856019	853114
4722	4704
8945	25777
853639	856693
854162	850401
219541	9968
855836	855836
856731	856218
856076	850962
2542615	2540589
41151	38565
836506	817857
851410	854734
2475	84335
10133	29110
2549	5781
851632	855269
6500	9978
23186	3065
10399	23185
853922	854084
850553	856870
324	1495
854519	856226
64426	23309
854656	852673
851934	855616
1398	9564
856746	850912
835621	818197
855387	854113
7332	10425
853531	855426
155971	8878
6794	92335
854291	854306
851797	855838
851408	851461
5119	27183
852373	850744
2146	3720
56852	7320
79058	7415
856291	855460
856799	854773
51377	5705
852724	852724
2541587	2539020
853422	852762
852398	851744
3661	29110
5468	9612
12928	12402
7251	51160
851306	855621
155807	9730
5071	5413
852406	855136
4086	10273
856429	855841
2033	1499
8878	81631
79577	123169
9318	2873
10987	10980
23054	1387
207	3315
9577	51720
852536	853528
850455	855428
2542615	2539639
2539399	2541165
5887	5710
852230	854273
4869	10360
854335	854038
856382	852499
5609	5599
853806	851255
855177	856154
9112	5928
3065	1786
958	7189
854138	853062
850923	856290
854017	852001
6135	4193
850654	854153
3312	10273
4282	10987
856882	854791
853347	851513
1173	160
851461	850554
8667	8663
1601	4646
851255	851776
64750	7323
852610	853922
545	1111
9616	8454
5873	94121
850712	850712
6885	257397
283518	283518
855357	854543
3320	2288
55588	9440
8317	10926
472	472
856891	856023
851572	854954
7046	7189
851259	855998
850793	852258
856518	855460
841	843
7024	58160
8878	7189
546	5888
7317	3093
850760	851903
856519	855965
57697	55120
828714	829541
9690	7316
851810	852610
6599	6598
856360	855049
817857	830996
2534	2533
7157	7874
855954	852518
2475	253260
84447	6400
853147	852003
5702	5707
854598	854627
7189	8878
851782	853909
672	4361
8945	468
852235	854622
5704	5716
10746	10746
850966	856876
853956	856352
10933	57649
672	580
54984	7013
852433	855404
6242	387
231201	17246
155459	865
852995	851530
26524	10413
1021	1029
853017	852649
853529	856593
853512	852411
854258	851195
838501	840158
852536	855771
854505	852892
9135	9135
850450	855711
856130	855621
10273	7157
7186	7185
11335	10155
51013	56915
854018	854018
855505	851813
4792	23291
6497	4087
4086	64750
79184	84142
6714	867
854150	855700
856387	855739
852822	850430
850554	854882
7186	8717
25	1398
2541652	2540329
64151	9918
50868	18024
51529	27338
853886	855243
851762	855157
851095	851659
10524	80314
598	572
852665	854204
855821	852497
1019	1031
51720	672
854191	853439
853371	850540
851373	853539
2540719	2538959
856226	855609
856693	856395
852497	850744
854999	851415
10524	55929
3178	3189
5689	5691
10286	988
16151	22190
855950	851803
850574	851102
7187	29110
852969	855569
855475	855475
11059	688
855017	851723
26277	25913
854150	852295
852582	852607
850358	856507
57122	55746
3554	3654
39884	36606
5501	5504
8648	5914
850607	855144
675	7979
4176	4171
6790	3619
7508	5887
852996	851559
51564	10971
7428	6921
8480	4928
8518	55140
856848	853479
851624	851424
60489	155459
4683	9656
10010	9641
5901	3842
4089	4089
853526	856119
856743	855485
6788	11186
851841	852404
5663	23385
8467	11177
1026	1019
3683	81858
851561	855099
853632	856828
855827	855230
856060	851745
851159	851984
65018	7316
851475	851988
851776	853060
4297	9070
1029	1021
852673	852258
853758	853758
2033	5970
855689	853161
9020	1147
852255	851159
84246	10001
10892	10892
856891	852001
26271	51343
850424	856429
853555	853871
6605	196528
10488	3054
854020	851136
64839	51684
91833	57599
4299	904
5501	5514
851261	851112
26019	65109
851161	855463
856076	855882
10013	7316
5701	5702
821055	840158
10980	8533
850826	853355
852424	856435
867	1956
6885	23118
55120	80233
854931	852685
8667	27335
851441	852778
850970	852790
7415	4792
854428	850999
3480	6464
57187	7919
850539	850768
856604	856863
855819	852457
856911	854227
55832	8452
1487	23028
29945	25906
23163	7316
6606	8487
7124	55072
8945	993
332	9212
253714	4796
2885	1956
7185	7186
596	8678
855068	854446
851847	854423
851379	854034
2538816	2543112
324	1499
51377	5701
2542615	2542880
12567	12443
8452	8452
6497	4088
853909	852819
852881	855861
851934	850504
851028	850934
853409	853385
852497	855276
64426	25942
852607	854290
23532	6921