
WARNING from init.py: found 178 bidirectional edges, here is the first few:
('E2F6', 'BRCA1')
('E2F6', 'E2F1')
('EGR1', 'NFKB1')
('EGR1', 'NAB2')
('EGR1', 'TP53')


WARNING from init.py: found 26 self-loops, here is one of them: ('NFKB1', 'NFKB1')

,
'Human-TRRUST':{
		'deg':[1, 2, 3, 4, 5, 6, 7, 8, 9, 10, 11, 12, 13, 14, 15, 16, 17, 18, 19, 20, 21, 22, 23, 24, 25, 26, 27, 28, 29, 30, 31, 32, 33, 34, 35, 36, 37, 38, 39, 40, 41, 42, 43, 45, 48, 49, 51, 53, 58, 59, 61, 62, 63, 68, 72, 80, 83, 85, 86, 87, 95, 97, 100, 107, 115, 118, 120, 138, 150, 168, 184, 209, 320, 336, 469],
		'freq':[0.36644591611479027, 0.19094922737306844, 0.11479028697571744, 0.07505518763796909, 0.046357615894039736, 0.025754231052244298, 0.026490066225165563, 0.01582045621780721, 0.015084621044885945, 0.013980868285504048, 0.010669610007358351, 0.01177336276674025, 0.0033112582781456954, 0.006622516556291391, 0.005518763796909493, 0.002207505518763797, 0.0051508462104488595, 0.003679175864606328, 0.004415011037527594, 0.0007358351729212656, 0.0025754231052244297, 0.004782928623988227, 0.003679175864606328, 0.0029433406916850625, 0.0025754231052244297, 0.002207505518763797, 0.0025754231052244297, 0.001839587932303164, 0.001839587932303164, 0.0029433406916850625, 0.0007358351729212656, 0.001839587932303164, 0.0003679175864606328, 0.0011037527593818985, 0.001839587932303164, 0.0007358351729212656, 0.0007358351729212656, 0.0003679175864606328, 0.0007358351729212656, 0.0007358351729212656, 0.0014716703458425313, 0.0007358351729212656, 0.0003679175864606328, 0.0003679175864606328, 0.0003679175864606328, 0.0003679175864606328, 0.0007358351729212656, 0.0014716703458425313, 0.0007358351729212656, 0.0007358351729212656, 0.0003679175864606328, 0.0007358351729212656, 0.0007358351729212656, 0.0007358351729212656, 0.0003679175864606328, 0.0003679175864606328, 0.0003679175864606328, 0.0003679175864606328, 0.0003679175864606328, 0.0003679175864606328, 0.0003679175864606328, 0.0007358351729212656, 0.0003679175864606328, 0.0003679175864606328, 0.0003679175864606328, 0.0003679175864606328, 0.0003679175864606328, 0.0003679175864606328, 0.0003679175864606328, 0.0003679175864606328, 0.0003679175864606328, 0.0003679175864606328, 0.0003679175864606328, 0.0003679175864606328, 0.0003679175864606328],
		'edge2node':2.9488594554819723,
		'node2edge':0.3391141609482221,
		'edge2node_adj':adj_largestC()['Bacteria'][1],
		'node2edge_adj':adj_largestC()['Bacteria'][0],
		'edges':8015,
		'nodes':2718
}
