
WARNING from init.py: found 14 bidirectional edges, here is the first few:
('ARNTL', 'NR1D1')
('WT1', 'PAX2')
('NR1D1', 'ARNTL')
('GLI2', 'GLI3')
('GLI2', 'GLI1')


WARNING from init.py: found 14 self-loops, here is one of them: ('RARB', 'RARB')

,
'Mouse-Liu':{
		'deg':[1, 2, 3, 4, 5, 6, 7, 8, 9, 10, 11, 12, 13, 14, 15, 16, 17, 18, 19, 20, 21, 23, 25, 27, 28, 29, 33, 34, 35, 36, 37, 38, 39, 41, 44, 47, 48, 49, 51, 54, 55, 58, 59, 62, 68, 72, 74, 81, 85, 88, 89, 91, 93, 109, 116, 123, 133, 144, 183],
		'freq':[0.3711699164345404, 0.2200557103064067, 0.09958217270194986, 0.09331476323119778, 0.04805013927576602, 0.02437325905292479, 0.028551532033426183, 0.006963788300835654, 0.011142061281337047, 0.016713091922005572, 0.014623955431754874, 0.009749303621169917, 0.003481894150417827, 0.003481894150417827, 0.0020891364902506965, 0.0006963788300835655, 0.002785515320334262, 0.001392757660167131, 0.0006963788300835655, 0.0020891364902506965, 0.0006963788300835655, 0.0020891364902506965, 0.002785515320334262, 0.0006963788300835655, 0.0006963788300835655, 0.0020891364902506965, 0.002785515320334262, 0.0020891364902506965, 0.0006963788300835655, 0.001392757660167131, 0.0006963788300835655, 0.0006963788300835655, 0.0006963788300835655, 0.001392757660167131, 0.0006963788300835655, 0.0006963788300835655, 0.0006963788300835655, 0.0006963788300835655, 0.001392757660167131, 0.0006963788300835655, 0.0006963788300835655, 0.0006963788300835655, 0.0006963788300835655, 0.0006963788300835655, 0.0020891364902506965, 0.0006963788300835655, 0.0006963788300835655, 0.0006963788300835655, 0.0006963788300835655, 0.0006963788300835655, 0.0006963788300835655, 0.0006963788300835655, 0.0006963788300835655, 0.0006963788300835655, 0.0006963788300835655, 0.0006963788300835655, 0.0006963788300835655, 0.0006963788300835655, 0.0006963788300835655],
		'edge2node':2.5577994428969357,
		'node2edge':0.39096106724748164,
		'edge2node_adj':adj_largestC()['Bacteria'][1],
		'node2edge_adj':adj_largestC()['Bacteria'][0],
		'edges':3673,
		'nodes':1436
}
