,
'Mouse-miRTarBase':{
		'deg':[1, 2, 3, 4, 5, 6, 7, 8, 9, 10, 11, 12, 14, 16, 17, 18, 19, 25, 26, 31, 35, 39, 42, 48],
		'freq':[0.5236167341430499, 0.19838056680161945, 0.09581646423751687, 0.048582995951417005, 0.0310391363022942, 0.021592442645074223, 0.017543859649122806, 0.012145748987854251, 0.010796221322537112, 0.008097165991902834, 0.006747638326585695, 0.002699055330634278, 0.001349527665317139, 0.005398110661268556, 0.001349527665317139, 0.004048582995951417, 0.001349527665317139, 0.001349527665317139, 0.001349527665317139, 0.001349527665317139, 0.001349527665317139, 0.001349527665317139, 0.001349527665317139, 0.001349527665317139],
		'edge2node':1.3751686909581646,
		'node2edge':0.7271835132482827,
		'edge2node_adj':adj_largestC()['Bacteria'][1],
		'node2edge_adj':adj_largestC()['Bacteria'][0],
		'edges':1019,
		'nodes':741
}
