
WARNING from init.py: found 120 self-loops, here is one of them: ('820793', '820793')

,
'Plant-BioGrid':{
		'deg':[1, 2, 3, 4, 5, 6, 7, 8, 9, 10, 11, 12, 13, 14, 15, 16, 17, 18, 19, 20, 21, 22, 23, 24, 25, 26, 27, 29, 30, 31, 32, 35, 40, 44, 50, 99],
		'freq':[0.4115015974440895, 0.19297124600638976, 0.10862619808306709, 0.07348242811501597, 0.044089456869009586, 0.03642172523961661, 0.0268370607028754, 0.020447284345047924, 0.012140575079872205, 0.01853035143769968, 0.007028753993610224, 0.010862619808306708, 0.005111821086261981, 0.007028753993610224, 0.003194888178913738, 0.0012779552715654952, 0.0006389776357827476, 0.0019169329073482429, 0.0019169329073482429, 0.0025559105431309905, 0.0012779552715654952, 0.0019169329073482429, 0.0006389776357827476, 0.0006389776357827476, 0.0006389776357827476, 0.0012779552715654952, 0.0012779552715654952, 0.0006389776357827476, 0.0006389776357827476, 0.0006389776357827476, 0.0006389776357827476, 0.0006389776357827476, 0.0006389776357827476, 0.0006389776357827476, 0.0006389776357827476, 0.0006389776357827476],
		'edge2node':1.7539936102236422,
		'node2edge':0.5701275045537341,
		'edge2node_adj':adj_largestC()['Bacteria'][1],
		'node2edge_adj':adj_largestC()['Bacteria'][0],
		'edges':2745,
		'nodes':1565
}
