
WARNING from init.py: found 232 self-loops, here is one of them: ('850554', '850554')

,
'Yeast-BioGrid':{
		'deg':[1, 2, 3, 4, 5, 6, 7, 8, 9, 10, 11, 12, 13, 14, 15, 16, 17, 18, 19, 20, 21, 22, 23, 24, 25, 26, 27, 28, 29, 30, 31, 32, 33, 34, 35, 37, 38, 40, 41, 42, 45, 49, 50, 52, 53, 60, 61, 65, 96],
		'freq':[0.18858560794044665, 0.1555004135649297, 0.11248966087675766, 0.09387923904052936, 0.07154673283705541, 0.05748552522746071, 0.04425144747725393, 0.04094292803970223, 0.03391232423490488, 0.028122415219189414, 0.02357320099255583, 0.017783291976840365, 0.016542597187758478, 0.015715467328370553, 0.015301902398676593, 0.008684863523573201, 0.009511993382961124, 0.006617038875103391, 0.008684863523573201, 0.007444168734491315, 0.0037220843672456576, 0.0033085194375516956, 0.0037220843672456576, 0.0020678246484698098, 0.0024813895781637717, 0.0028949545078577337, 0.0028949545078577337, 0.0020678246484698098, 0.0028949545078577337, 0.0012406947890818859, 0.0008271298593879239, 0.0033085194375516956, 0.0020678246484698098, 0.0016542597187758478, 0.0008271298593879239, 0.00041356492969396195, 0.0012406947890818859, 0.0008271298593879239, 0.00041356492969396195, 0.0008271298593879239, 0.00041356492969396195, 0.00041356492969396195, 0.00041356492969396195, 0.00041356492969396195, 0.00041356492969396195, 0.00041356492969396195, 0.00041356492969396195, 0.00041356492969396195, 0.00041356492969396195],
		'edge2node':3.1712158808933,
		'node2edge':0.31533646322378717,
		'edge2node_adj':adj_largestC()['Bacteria'][1],
		'node2edge_adj':adj_largestC()['Bacteria'][0],
		'edges':7668,
		'nodes':2418
}
