
WARNING from init.py: found 26 self-loops, here is one of them: ('Q02629', 'Q02629')

,
'Yeast-PSICQUIC':{
		'deg':[1, 2, 3, 4, 5, 6, 7, 8, 9, 10, 11, 12, 13, 14, 15, 17, 18, 20, 21, 22, 23, 30, 34, 39, 47, 54, 59, 66, 72, 99, 124, 132],
		'freq':[0.46153846153846156, 0.20078226857887874, 0.11994784876140809, 0.061277705345501955, 0.05084745762711865, 0.020860495436766623, 0.02216427640156454, 0.014341590612777053, 0.00651890482398957, 0.002607561929595828, 0.003911342894393742, 0.001303780964797914, 0.002607561929595828, 0.001303780964797914, 0.001303780964797914, 0.002607561929595828, 0.002607561929595828, 0.002607561929595828, 0.002607561929595828, 0.001303780964797914, 0.001303780964797914, 0.002607561929595828, 0.001303780964797914, 0.001303780964797914, 0.001303780964797914, 0.001303780964797914, 0.001303780964797914, 0.001303780964797914, 0.001303780964797914, 0.001303780964797914, 0.001303780964797914, 0.001303780964797914],
		'edge2node':1.8070404172099088,
		'node2edge':0.5533910533910534,
		'edge2node_adj':adj_largestC()['Bacteria'][1],
		'node2edge_adj':adj_largestC()['Bacteria'][0],
		'edges':1386,
		'nodes':767
}
