
WARNING from init.py: found 139 self-loops, here is one of them: ('8850', '8850')

,
'Human-BioGrid':{
		'deg':[1, 2, 3, 4, 5, 6, 7, 8, 9, 10, 11, 12, 13, 14, 15, 16, 17, 18, 19, 20, 21, 22, 23, 24, 25, 26, 27, 28, 29, 30, 31, 32, 33, 34, 35, 36, 38, 39, 40, 42, 43, 46, 48, 50, 52, 53, 54, 57, 58, 60, 62, 64, 73, 76, 83, 86, 91, 93, 129, 184],
		'freq':[0.3448777648428405, 0.1740395809080326, 0.12019790454016298, 0.0779976717112922, 0.05151338766006985, 0.04685681024447032, 0.029976717112922, 0.024447031431897557, 0.018626309662398137, 0.014551804423748545, 0.009022118742724098, 0.010768335273573923, 0.008440046565774156, 0.005820721769499418, 0.007566938300349243, 0.004365541327124563, 0.005238649592549476, 0.004365541327124563, 0.005238649592549476, 0.002619324796274738, 0.0014551804423748546, 0.002037252619324796, 0.002619324796274738, 0.002328288707799767, 0.0014551804423748546, 0.0014551804423748546, 0.0011641443538998836, 0.0011641443538998836, 0.0011641443538998836, 0.0017462165308498253, 0.0008731082654249127, 0.0005820721769499418, 0.002037252619324796, 0.0008731082654249127, 0.0008731082654249127, 0.0008731082654249127, 0.0005820721769499418, 0.0008731082654249127, 0.0008731082654249127, 0.0008731082654249127, 0.0011641443538998836, 0.0002910360884749709, 0.0002910360884749709, 0.0002910360884749709, 0.0005820721769499418, 0.0002910360884749709, 0.0005820721769499418, 0.0002910360884749709, 0.0005820721769499418, 0.0002910360884749709, 0.0002910360884749709, 0.0002910360884749709, 0.0002910360884749709, 0.0002910360884749709, 0.0002910360884749709, 0.0002910360884749709, 0.0002910360884749709, 0.0002910360884749709, 0.0002910360884749709, 0.0002910360884749709],
		'edge2node':2.40221187427241,
		'node2edge':0.4162830142960989,
		'edge2node_adj':adj_largestC()['Bacteria'][1],
		'node2edge_adj':adj_largestC()['Bacteria'][0],
		'edges':8254,
		'nodes':3436
}
