
WARNING from init.py: found 6 self-loops, here is one of them: ('RFX5', 'RFX5')

,
'Human-ENCODE-GM':{
		'deg':[1, 2, 3, 4, 5, 6, 7, 8, 9, 10, 11, 12, 14, 15, 17, 18, 20, 25, 26, 29, 41, 42, 43, 47, 50, 59, 60, 86, 87, 94, 99, 101, 105, 110, 116, 126, 130, 138, 141, 149, 155, 163, 171, 186, 204, 213, 227, 237, 243, 254, 255, 279, 288, 313, 319, 329, 355, 493],
		'freq':[0.6146903985961394, 0.20255703183755328, 0.08648784156430182, 0.04011030333416896, 0.023815492604662824, 0.009275507646026573, 0.00501378791677112, 0.0007520681875156681, 0.00125344697919278, 0.0007520681875156681, 0.0015041363750313362, 0.001002757583354224, 0.000250689395838556, 0.000250689395838556, 0.0007520681875156681, 0.000250689395838556, 0.000250689395838556, 0.000250689395838556, 0.000250689395838556, 0.000501378791677112, 0.000250689395838556, 0.000250689395838556, 0.000250689395838556, 0.000250689395838556, 0.000250689395838556, 0.000250689395838556, 0.000250689395838556, 0.000250689395838556, 0.000250689395838556, 0.000250689395838556, 0.000250689395838556, 0.000250689395838556, 0.000250689395838556, 0.000250689395838556, 0.000250689395838556, 0.000501378791677112, 0.000250689395838556, 0.000250689395838556, 0.000250689395838556, 0.000250689395838556, 0.000250689395838556, 0.000250689395838556, 0.000250689395838556, 0.000250689395838556, 0.000250689395838556, 0.000250689395838556, 0.000250689395838556, 0.000250689395838556, 0.000250689395838556, 0.000250689395838556, 0.000250689395838556, 0.000250689395838556, 0.000501378791677112, 0.000250689395838556, 0.000250689395838556, 0.000250689395838556, 0.000250689395838556, 0.000250689395838556],
		'edge2node':1.7475557783905742,
		'node2edge':0.572227800889399,
		'edge2node_adj':adj_largestC()['Bacteria'][1],
		'node2edge_adj':adj_largestC()['Bacteria'][0],
		'edges':6971,
		'nodes':3989
}
