
WARNING from init.py: found 6 bidirectional edges, here is the first few:
('STAT1', 'STAT2')
('STAT2', 'STAT1')
('SP1', 'SP2')
('SP2', 'SP1')
('EGR1', 'GTF2B')


WARNING from init.py: found 12 self-loops, here is one of them: ('THAP1', 'THAP1')

,
'Human-ENCODE-K562':{
		'deg':[1, 2, 3, 4, 5, 6, 7, 8, 9, 10, 11, 12, 13, 14, 15, 16, 17, 18, 19, 20, 22, 24, 25, 26, 27, 28, 29, 30, 31, 32, 35, 37, 41, 43, 44, 45, 48, 49, 50, 56, 57, 58, 64, 65, 68, 70, 73, 76, 78, 80, 83, 92, 95, 107, 128, 130, 136, 142, 146, 151, 153, 162, 163, 168, 176, 188, 189, 191, 204, 205, 207, 212, 218, 221, 222, 231, 250, 258, 263, 273, 274, 284, 300, 307, 312, 315, 322, 324, 373],
		'freq':[0.5274892323283507, 0.21966050164682038, 0.10539650367367621, 0.04535089941727895, 0.029389409678236635, 0.018748416518875096, 0.007600709399543958, 0.0040537116797567775, 0.0010134279199391944, 0.0015201418799087915, 0.001266784899923993, 0.0020268558398783888, 0.0015201418799087915, 0.0032936407398023817, 0.0005067139599695972, 0.0015201418799087915, 0.0002533569799847986, 0.0010134279199391944, 0.002533569799847986, 0.0010134279199391944, 0.0002533569799847986, 0.0005067139599695972, 0.0005067139599695972, 0.0002533569799847986, 0.0005067139599695972, 0.0005067139599695972, 0.0002533569799847986, 0.0005067139599695972, 0.0010134279199391944, 0.0005067139599695972, 0.0010134279199391944, 0.0015201418799087915, 0.0005067139599695972, 0.0002533569799847986, 0.001266784899923993, 0.0005067139599695972, 0.0002533569799847986, 0.0005067139599695972, 0.0005067139599695972, 0.0002533569799847986, 0.0002533569799847986, 0.0002533569799847986, 0.0002533569799847986, 0.0002533569799847986, 0.0002533569799847986, 0.0002533569799847986, 0.0005067139599695972, 0.0002533569799847986, 0.0002533569799847986, 0.0002533569799847986, 0.0002533569799847986, 0.0002533569799847986, 0.0002533569799847986, 0.0005067139599695972, 0.0002533569799847986, 0.0002533569799847986, 0.0002533569799847986, 0.0002533569799847986, 0.0002533569799847986, 0.0002533569799847986, 0.0002533569799847986, 0.0005067139599695972, 0.0002533569799847986, 0.0002533569799847986, 0.0002533569799847986, 0.0002533569799847986, 0.0002533569799847986, 0.0002533569799847986, 0.0002533569799847986, 0.0002533569799847986, 0.0002533569799847986, 0.0002533569799847986, 0.0005067139599695972, 0.0002533569799847986, 0.0002533569799847986, 0.0002533569799847986, 0.0002533569799847986, 0.0002533569799847986, 0.0002533569799847986, 0.0002533569799847986, 0.0002533569799847986, 0.0002533569799847986, 0.0002533569799847986, 0.0002533569799847986, 0.0002533569799847986, 0.0002533569799847986, 0.0002533569799847986, 0.0002533569799847986, 0.0002533569799847986],
		'edge2node':2.4309602229541425,
		'node2edge':0.4113600833767587,
		'edge2node_adj':adj_largestC()['Bacteria'][1],
		'node2edge_adj':adj_largestC()['Bacteria'][0],
		'edges':9595,
		'nodes':3947
}
