
WARNING from init.py: found 12 bidirectional edges, here is the first few:
('FOXA2', 'FOXA1')
('GTF2B', 'EGR1')
('SP1', 'SP2')
('STAT1', 'STAT2')
('FOXA1', 'FOXA2')


WARNING from init.py: found 27 self-loops, here is one of them: ('GABPA', 'GABPA')

,
'Human-ENCODE-Proximal':{
		'deg':[1, 2, 3, 4, 5, 6, 7, 8, 9, 10, 11, 12, 13, 14, 15, 16, 17, 18, 19, 20, 21, 22, 23, 24, 25, 26, 27, 28, 29, 30, 31, 32, 33, 34, 35, 36, 37, 38, 39, 40, 41, 42, 43, 44, 45, 46, 47, 48, 49, 50, 51, 53, 54, 56, 58, 59, 60, 63, 66, 67, 70, 71, 73, 75, 81, 83, 87, 89, 93, 96, 104, 105, 106, 108, 110, 111, 114, 115, 116, 117, 134, 135, 142, 145, 149, 151, 158, 159, 167, 177, 185, 186, 190, 198, 204, 206, 212, 213, 221, 225, 238, 239, 249, 251, 252, 254, 259, 263, 269, 271, 273, 283, 286, 290, 297, 299, 304, 317, 319, 321, 322, 327, 329, 330, 360, 362, 374, 377, 381, 393, 405, 408, 409, 448, 449, 451, 458, 468, 475, 480, 485, 486, 498, 592, 595, 691, 763, 1324],
		'freq':[0.43667881196864305, 0.22270067351220052, 0.11957601854918848, 0.06646792536159876, 0.04626255934636193, 0.023407309263553052, 0.01987413050679033, 0.01347024401015789, 0.0076184166942696255, 0.005299768135144088, 0.0029811195760185492, 0.0015457657060836921, 0.0015457657060836921, 0.002208236722976703, 0.001987413050679033, 0.0017665893783813625, 0.0011041183614883515, 0.0014353538699348571, 0.0007728828530418461, 0.00044164734459534063, 0.000662471016893011, 0.0009937065253395165, 0.0011041183614883515, 0.0009937065253395165, 0.00044164734459534063, 0.0005520591807441757, 0.0005520591807441757, 0.00011041183614883516, 0.00022082367229767032, 0.000662471016893011, 0.00044164734459534063, 0.00022082367229767032, 0.0003312355084465055, 0.00022082367229767032, 0.00011041183614883516, 0.0003312355084465055, 0.00022082367229767032, 0.00011041183614883516, 0.00022082367229767032, 0.00011041183614883516, 0.00022082367229767032, 0.00011041183614883516, 0.00022082367229767032, 0.0003312355084465055, 0.00011041183614883516, 0.00022082367229767032, 0.00011041183614883516, 0.00011041183614883516, 0.0003312355084465055, 0.0003312355084465055, 0.00011041183614883516, 0.00011041183614883516, 0.00011041183614883516, 0.0003312355084465055, 0.00011041183614883516, 0.0003312355084465055, 0.00011041183614883516, 0.00022082367229767032, 0.00011041183614883516, 0.00011041183614883516, 0.00011041183614883516, 0.00011041183614883516, 0.00011041183614883516, 0.00011041183614883516, 0.00011041183614883516, 0.00022082367229767032, 0.00011041183614883516, 0.00022082367229767032, 0.00011041183614883516, 0.00011041183614883516, 0.00011041183614883516, 0.00011041183614883516, 0.00011041183614883516, 0.00011041183614883516, 0.00011041183614883516, 0.00011041183614883516, 0.00011041183614883516, 0.00011041183614883516, 0.00011041183614883516, 0.00011041183614883516, 0.00011041183614883516, 0.00011041183614883516, 0.00011041183614883516, 0.00011041183614883516, 0.00011041183614883516, 0.00022082367229767032, 0.00011041183614883516, 0.00011041183614883516, 0.00011041183614883516, 0.00011041183614883516, 0.00011041183614883516, 0.00011041183614883516, 0.00011041183614883516, 0.00011041183614883516, 0.00011041183614883516, 0.00011041183614883516, 0.00011041183614883516, 0.00011041183614883516, 0.00011041183614883516, 0.00022082367229767032, 0.00011041183614883516, 0.00011041183614883516, 0.00011041183614883516, 0.00022082367229767032, 0.00011041183614883516, 0.00011041183614883516, 0.00011041183614883516, 0.00011041183614883516, 0.00022082367229767032, 0.00011041183614883516, 0.00011041183614883516, 0.00011041183614883516, 0.00011041183614883516, 0.00011041183614883516, 0.00011041183614883516, 0.00011041183614883516, 0.00011041183614883516, 0.00022082367229767032, 0.00011041183614883516, 0.00011041183614883516, 0.00011041183614883516, 0.00011041183614883516, 0.00011041183614883516, 0.00011041183614883516, 0.00011041183614883516, 0.00011041183614883516, 0.00011041183614883516, 0.00011041183614883516, 0.00011041183614883516, 0.00011041183614883516, 0.00011041183614883516, 0.00011041183614883516, 0.00011041183614883516, 0.00011041183614883516, 0.00011041183614883516, 0.00011041183614883516, 0.00011041183614883516, 0.00011041183614883516, 0.00011041183614883516, 0.00011041183614883516, 0.00011041183614883516, 0.00011041183614883516, 0.00011041183614883516, 0.00011041183614883516, 0.00011041183614883516, 0.00011041183614883516, 0.00011041183614883516, 0.00011041183614883516],
		'edge2node':2.8784365684001325,
		'node2edge':0.3474108170310702,
		'edge2node_adj':adj_largestC()['Bacteria'][1],
		'node2edge_adj':adj_largestC()['Bacteria'][0],
		'edges':26070,
		'nodes':9057
}
