
WARNING from init.py: found 752 bidirectional edges, here is the first few:
('ZIC2', 'GLI2')
('ZIC2', 'GLI1')
('ZIC2', 'GLI3')
('LEF1', 'SMAD4')
('LEF1', 'CTNNB1')


WARNING from init.py: found 24 self-loops, here is one of them: ('LEF1', 'LEF1')

,
'Human-Liu':{
		'deg':[1, 2, 3, 4, 5, 6, 7, 8, 9, 10, 11, 12, 13, 14, 15, 16, 17, 18, 19, 20, 21, 22, 23, 24, 25, 28, 29, 30, 31, 32, 33, 34, 35, 36, 37, 38, 39, 40, 41, 42, 44, 45, 48, 49, 54, 58, 60, 61, 62, 63, 65, 66, 73, 74, 75, 77, 78, 84, 88, 90, 91, 96, 98, 102, 108, 110, 113, 115, 118, 139, 145, 163, 202, 205, 216, 242, 269, 287, 290, 303, 345, 352, 648, 880],
		'freq':[0.47972587093089664, 0.1716162193032553, 0.08994860079954312, 0.06167904054825814, 0.041119360365505425, 0.027698458023986294, 0.02141633352370074, 0.013420902341519133, 0.014848657909765849, 0.011707595659623073, 0.007138777841233581, 0.005425471159337522, 0.004283266704740148, 0.004568817818389492, 0.0028555111364934323, 0.002284408909194746, 0.002284408909194746, 0.002569960022844089, 0.002569960022844089, 0.0014277555682467161, 0.0017133066818960593, 0.0008566533409480297, 0.001142204454597373, 0.0008566533409480297, 0.0017133066818960593, 0.0005711022272986865, 0.0014277555682467161, 0.0008566533409480297, 0.0005711022272986865, 0.00028555111364934324, 0.0005711022272986865, 0.0008566533409480297, 0.00028555111364934324, 0.0005711022272986865, 0.00028555111364934324, 0.0008566533409480297, 0.0008566533409480297, 0.00028555111364934324, 0.00028555111364934324, 0.00028555111364934324, 0.0005711022272986865, 0.0005711022272986865, 0.00028555111364934324, 0.00028555111364934324, 0.0005711022272986865, 0.0005711022272986865, 0.00028555111364934324, 0.0008566533409480297, 0.00028555111364934324, 0.00028555111364934324, 0.0005711022272986865, 0.00028555111364934324, 0.00028555111364934324, 0.00028555111364934324, 0.00028555111364934324, 0.00028555111364934324, 0.00028555111364934324, 0.0005711022272986865, 0.00028555111364934324, 0.00028555111364934324, 0.00028555111364934324, 0.00028555111364934324, 0.00028555111364934324, 0.00028555111364934324, 0.00028555111364934324, 0.00028555111364934324, 0.0008566533409480297, 0.0005711022272986865, 0.00028555111364934324, 0.00028555111364934324, 0.0005711022272986865, 0.00028555111364934324, 0.00028555111364934324, 0.0005711022272986865, 0.00028555111364934324, 0.00028555111364934324, 0.00028555111364934324, 0.00028555111364934324, 0.00028555111364934324, 0.00028555111364934324, 0.00028555111364934324, 0.00028555111364934324, 0.00028555111364934324, 0.00028555111364934324],
		'edge2node':2.743003997715591,
		'node2edge':0.36456381428273993,
		'edge2node_adj':adj_largestC()['Bacteria'][1],
		'node2edge_adj':adj_largestC()['Bacteria'][0],
		'edges':9606,
		'nodes':3502
}
