,
'Human-miRTarBase':{
		'deg':[1, 2, 3, 4, 5, 6, 7, 8, 9, 10, 11, 12, 13, 14, 15, 16, 17, 18, 19, 20, 21, 22, 23, 24, 25, 26, 28, 29, 30, 31, 32, 33, 34, 35, 36, 37, 38, 40, 41, 43, 44, 45, 46, 47, 49, 50, 51, 52, 53, 55, 60, 64, 66, 67, 69, 72, 78, 80, 82, 88, 99, 120, 205],
		'freq':[0.5067750677506775, 0.17770034843205576, 0.07936507936507936, 0.05110336817653891, 0.032520325203252036, 0.02051877661633759, 0.02245451025938831, 0.013937282229965157, 0.007355787843592722, 0.009291521486643438, 0.005032907471931862, 0.005032907471931862, 0.0038714672861014324, 0.005032907471931862, 0.0038714672861014324, 0.004258614014711576, 0.0027100271002710027, 0.004645760743321719, 0.003484320557491289, 0.0027100271002710027, 0.001548586914440573, 0.001548586914440573, 0.0019357336430507162, 0.001548586914440573, 0.0019357336430507162, 0.001548586914440573, 0.0023228803716608595, 0.001548586914440573, 0.001548586914440573, 0.0007742934572202865, 0.001548586914440573, 0.00038714672861014324, 0.0011614401858304297, 0.0011614401858304297, 0.00038714672861014324, 0.0007742934572202865, 0.0023228803716608595, 0.0007742934572202865, 0.00038714672861014324, 0.0007742934572202865, 0.0007742934572202865, 0.00038714672861014324, 0.0007742934572202865, 0.0007742934572202865, 0.0007742934572202865, 0.0007742934572202865, 0.00038714672861014324, 0.0011614401858304297, 0.00038714672861014324, 0.00038714672861014324, 0.00038714672861014324, 0.0007742934572202865, 0.00038714672861014324, 0.0007742934572202865, 0.00038714672861014324, 0.00038714672861014324, 0.00038714672861014324, 0.00038714672861014324, 0.00038714672861014324, 0.00038714672861014324, 0.00038714672861014324, 0.00038714672861014324, 0.00038714672861014324],
		'edge2node':2.1099496709252805,
		'node2edge':0.47394495412844034,
		'edge2node_adj':adj_largestC()['Bacteria'][1],
		'node2edge_adj':adj_largestC()['Bacteria'][0],
		'edges':5450,
		'nodes':2583
}
