
WARNING from init.py: found 241 self-loops, here is one of them: ('P07550', 'P07550')

,
'Human-PSICQUIC':{
		'deg':[1, 2, 3, 4, 5, 6, 7, 8, 9, 10, 11, 12, 13, 14, 15, 16, 17, 18, 19, 20, 21, 22, 23, 24, 25, 26, 28, 29, 30, 31, 33, 35, 36, 37, 38, 39, 43, 44, 45, 51, 53, 54, 55, 64, 66, 69, 74, 75, 82, 83, 85, 88, 111, 150, 159, 177, 183, 187],
		'freq':[0.4749279538904899, 0.18703170028818444, 0.10864553314121038, 0.057060518731988474, 0.04438040345821326, 0.024495677233429394, 0.01729106628242075, 0.019020172910662825, 0.011527377521613832, 0.0069164265129683, 0.00547550432276657, 0.0069164265129683, 0.003170028818443804, 0.004322766570605188, 0.0037463976945244955, 0.0023054755043227667, 0.001729106628242075, 0.0020172910662824206, 0.0005763688760806917, 0.0005763688760806917, 0.0011527377521613833, 0.00028818443804034583, 0.0008645533141210375, 0.001729106628242075, 0.0005763688760806917, 0.0011527377521613833, 0.00028818443804034583, 0.0005763688760806917, 0.0008645533141210375, 0.0008645533141210375, 0.00028818443804034583, 0.0005763688760806917, 0.0005763688760806917, 0.00028818443804034583, 0.00028818443804034583, 0.00028818443804034583, 0.0005763688760806917, 0.00028818443804034583, 0.00028818443804034583, 0.00028818443804034583, 0.0005763688760806917, 0.00028818443804034583, 0.00028818443804034583, 0.00028818443804034583, 0.00028818443804034583, 0.00028818443804034583, 0.00028818443804034583, 0.0005763688760806917, 0.00028818443804034583, 0.00028818443804034583, 0.00028818443804034583, 0.00028818443804034583, 0.00028818443804034583, 0.00028818443804034583, 0.00028818443804034583, 0.00028818443804034583, 0.00028818443804034583, 0.00028818443804034583],
		'edge2node':1.78328530259366,
		'node2edge':0.5607627666451196,
		'edge2node_adj':adj_largestC()['Bacteria'][1],
		'node2edge_adj':adj_largestC()['Bacteria'][0],
		'edges':6188,
		'nodes':3470
}
