'Human-ENCODE-Proximal':{
		'deg':[1, 2, 3, 4, 5, 6, 7, 8, 9, 10, 11, 12, 13, 14, 15, 16, 17, 18, 19, 20, 21, 22, 23, 24, 25, 26, 27, 28, 29, 30, 31, 32, 33, 34, 35, 36, 37, 38, 39, 40, 41, 42, 43, 44, 45, 46, 47, 48, 49, 50, 51, 53, 54, 56, 58, 59, 60, 63, 66, 67, 70, 71, 73, 75, 81, 83, 87, 89, 93, 96, 104, 105, 106, 108, 110, 111, 114, 115, 116, 117, 134, 135, 142, 145, 149, 151, 158, 159, 167, 177, 185, 186, 190, 198, 204, 206, 212, 213, 221, 225, 238, 239, 249, 251, 252, 254, 259, 263, 269, 271, 273, 283, 286, 290, 297, 299, 304, 317, 319, 321, 322, 327, 329, 330, 360, 362, 374, 377, 381, 393, 405, 408, 409, 448, 449, 451, 458, 468, 475, 480, 485, 486, 498, 592, 595, 691, 763, 1324],
		'freq':[0.43667881196864305, 0.22270067351220052, 0.11957601854918848, 0.06646792536159876, 0.04626255934636193, 0.023407309263553052, 0.01987413050679033, 0.01347024401015789, 0.0076184166942696255, 0.005299768135144088, 0.0029811195760185492, 0.0015457657060836921, 0.0015457657060836921, 0.002208236722976703, 0.001987413050679033, 0.0017665893783813625, 0.0011041183614883515, 0.0014353538699348571, 0.0007728828530418461, 0.00044164734459534063, 0.000662471016893011, 0.0009937065253395165, 0.0011041183614883515, 0.0009937065253395165, 0.00044164734459534063, 0.0005520591807441757, 0.0005520591807441757, 0.00011041183614883516, 0.00022082367229767032, 0.000662471016893011, 0.00044164734459534063, 0.00022082367229767032, 0.0003312355084465055, 0.00022082367229767032, 0.00011041183614883516, 0.0003312355084465055, 0.00022082367229767032, 0.00011041183614883516, 0.00022082367229767032, 0.00011041183614883516, 0.00022082367229767032, 0.00011041183614883516, 0.00022082367229767032, 0.0003312355084465055, 0.00011041183614883516, 0.00022082367229767032, 0.00011041183614883516, 0.00011041183614883516, 0.0003312355084465055, 0.0003312355084465055, 0.00011041183614883516, 0.00011041183614883516, 0.00011041183614883516, 0.0003312355084465055, 0.00011041183614883516, 0.0003312355084465055, 0.00011041183614883516, 0.00022082367229767032, 0.00011041183614883516, 0.00011041183614883516, 0.00011041183614883516, 0.00011041183614883516, 0.00011041183614883516, 0.00011041183614883516, 0.00011041183614883516, 0.00022082367229767032, 0.00011041183614883516, 0.00022082367229767032, 0.00011041183614883516, 0.00011041183614883516, 0.00011041183614883516, 0.00011041183614883516, 0.00011041183614883516, 0.00011041183614883516, 0.00011041183614883516, 0.00011041183614883516, 0.00011041183614883516, 0.00011041183614883516, 0.00011041183614883516, 0.00011041183614883516, 0.00011041183614883516, 0.00011041183614883516, 0.00011041183614883516, 0.00011041183614883516, 0.00011041183614883516, 0.00022082367229767032, 0.00011041183614883516, 0.00011041183614883516, 0.00011041183614883516, 0.00011041183614883516, 0.00011041183614883516, 0.00011041183614883516, 0.00011041183614883516, 0.00011041183614883516, 0.00011041183614883516, 0.00011041183614883516, 0.00011041183614883516, 0.00011041183614883516, 0.00011041183614883516, 0.00022082367229767032, 0.00011041183614883516, 0.00011041183614883516, 0.00011041183614883516, 0.00022082367229767032, 0.00011041183614883516, 0.00011041183614883516, 0.00011041183614883516, 0.00011041183614883516, 0.00022082367229767032, 0.00011041183614883516, 0.00011041183614883516, 0.00011041183614883516, 0.00011041183614883516, 0.00011041183614883516, 0.00011041183614883516, 0.00011041183614883516, 0.00011041183614883516, 0.00022082367229767032, 0.00011041183614883516, 0.00011041183614883516, 0.00011041183614883516, 0.00011041183614883516, 0.00011041183614883516, 0.00011041183614883516, 0.00011041183614883516, 0.00011041183614883516, 0.00011041183614883516, 0.00011041183614883516, 0.00011041183614883516, 0.00011041183614883516, 0.00011041183614883516, 0.00011041183614883516, 0.00011041183614883516, 0.00011041183614883516, 0.00011041183614883516, 0.00011041183614883516, 0.00011041183614883516, 0.00011041183614883516, 0.00011041183614883516, 0.00011041183614883516, 0.00011041183614883516, 0.00011041183614883516, 0.00011041183614883516, 0.00011041183614883516, 0.00011041183614883516, 0.00011041183614883516, 0.00011041183614883516, 0.00011041183614883516],
		'edge2node':2.8784365684001325,
		'node2edge':0.3474108170310702,
		'edge2node_adj':adj_largestC()['Bacteria'][1],
		'node2edge_adj':adj_largestC()['Bacteria'][0],
		'edges':26070,
		'nodes':9057
    },
'Human-ENCODE-GM':{
		'deg':[1, 2, 3, 4, 5, 6, 7, 8, 9, 10, 11, 12, 14, 15, 17, 18, 20, 25, 26, 29, 41, 42, 43, 47, 50, 59, 60, 86, 87, 94, 99, 101, 105, 110, 116, 126, 130, 138, 141, 149, 155, 163, 171, 186, 204, 213, 227, 237, 243, 254, 255, 279, 288, 313, 319, 329, 355, 493],
		'freq':[0.6146903985961394, 0.20255703183755328, 0.08648784156430182, 0.04011030333416896, 0.023815492604662824, 0.009275507646026573, 0.00501378791677112, 0.0007520681875156681, 0.00125344697919278, 0.0007520681875156681, 0.0015041363750313362, 0.001002757583354224, 0.000250689395838556, 0.000250689395838556, 0.0007520681875156681, 0.000250689395838556, 0.000250689395838556, 0.000250689395838556, 0.000250689395838556, 0.000501378791677112, 0.000250689395838556, 0.000250689395838556, 0.000250689395838556, 0.000250689395838556, 0.000250689395838556, 0.000250689395838556, 0.000250689395838556, 0.000250689395838556, 0.000250689395838556, 0.000250689395838556, 0.000250689395838556, 0.000250689395838556, 0.000250689395838556, 0.000250689395838556, 0.000250689395838556, 0.000501378791677112, 0.000250689395838556, 0.000250689395838556, 0.000250689395838556, 0.000250689395838556, 0.000250689395838556, 0.000250689395838556, 0.000250689395838556, 0.000250689395838556, 0.000250689395838556, 0.000250689395838556, 0.000250689395838556, 0.000250689395838556, 0.000250689395838556, 0.000250689395838556, 0.000250689395838556, 0.000250689395838556, 0.000501378791677112, 0.000250689395838556, 0.000250689395838556, 0.000250689395838556, 0.000250689395838556, 0.000250689395838556],
		'edge2node':1.7475557783905742,
		'node2edge':0.572227800889399,
		'edge2node_adj':adj_largestC()['Bacteria'][1],
		'node2edge_adj':adj_largestC()['Bacteria'][0],
		'edges':6971,
		'nodes':3989
    },
'Human-ENCODE-K562':{
		'deg':[1, 2, 3, 4, 5, 6, 7, 8, 9, 10, 11, 12, 13, 14, 15, 16, 17, 18, 19, 20, 22, 24, 25, 26, 27, 28, 29, 30, 31, 32, 35, 37, 41, 43, 44, 45, 48, 49, 50, 56, 57, 58, 64, 65, 68, 70, 73, 76, 78, 80, 83, 92, 95, 107, 128, 130, 136, 142, 146, 151, 153, 162, 163, 168, 176, 188, 189, 191, 204, 205, 207, 212, 218, 221, 222, 231, 250, 258, 263, 273, 274, 284, 300, 307, 312, 315, 322, 324, 373],
		'freq':[0.5274892323283507, 0.21966050164682038, 0.10539650367367621, 0.04535089941727895, 0.029389409678236635, 0.018748416518875096, 0.007600709399543958, 0.0040537116797567775, 0.0010134279199391944, 0.0015201418799087915, 0.001266784899923993, 0.0020268558398783888, 0.0015201418799087915, 0.0032936407398023817, 0.0005067139599695972, 0.0015201418799087915, 0.0002533569799847986, 0.0010134279199391944, 0.002533569799847986, 0.0010134279199391944, 0.0002533569799847986, 0.0005067139599695972, 0.0005067139599695972, 0.0002533569799847986, 0.0005067139599695972, 0.0005067139599695972, 0.0002533569799847986, 0.0005067139599695972, 0.0010134279199391944, 0.0005067139599695972, 0.0010134279199391944, 0.0015201418799087915, 0.0005067139599695972, 0.0002533569799847986, 0.001266784899923993, 0.0005067139599695972, 0.0002533569799847986, 0.0005067139599695972, 0.0005067139599695972, 0.0002533569799847986, 0.0002533569799847986, 0.0002533569799847986, 0.0002533569799847986, 0.0002533569799847986, 0.0002533569799847986, 0.0002533569799847986, 0.0005067139599695972, 0.0002533569799847986, 0.0002533569799847986, 0.0002533569799847986, 0.0002533569799847986, 0.0002533569799847986, 0.0002533569799847986, 0.0005067139599695972, 0.0002533569799847986, 0.0002533569799847986, 0.0002533569799847986, 0.0002533569799847986, 0.0002533569799847986, 0.0002533569799847986, 0.0002533569799847986, 0.0005067139599695972, 0.0002533569799847986, 0.0002533569799847986, 0.0002533569799847986, 0.0002533569799847986, 0.0002533569799847986, 0.0002533569799847986, 0.0002533569799847986, 0.0002533569799847986, 0.0002533569799847986, 0.0002533569799847986, 0.0005067139599695972, 0.0002533569799847986, 0.0002533569799847986, 0.0002533569799847986, 0.0002533569799847986, 0.0002533569799847986, 0.0002533569799847986, 0.0002533569799847986, 0.0002533569799847986, 0.0002533569799847986, 0.0002533569799847986, 0.0002533569799847986, 0.0002533569799847986, 0.0002533569799847986, 0.0002533569799847986, 0.0002533569799847986, 0.0002533569799847986],
		'edge2node':2.4309602229541425,
		'node2edge':0.4113600833767587,
		'edge2node_adj':adj_largestC()['Bacteria'][1],
		'node2edge_adj':adj_largestC()['Bacteria'][0],
		'edges':9595,
		'nodes':3947
    },
'Human-Liu':{
		'deg':[1, 2, 3, 4, 5, 6, 7, 8, 9, 10, 11, 12, 13, 14, 15, 16, 17, 18, 19, 20, 21, 22, 23, 24, 25, 28, 29, 30, 31, 32, 33, 34, 35, 36, 37, 38, 39, 40, 41, 42, 44, 45, 48, 49, 54, 58, 60, 61, 62, 63, 65, 66, 73, 74, 75, 77, 78, 84, 88, 90, 91, 96, 98, 102, 108, 110, 113, 115, 118, 139, 145, 163, 202, 205, 216, 242, 269, 287, 290, 303, 345, 352, 648, 880],
		'freq':[0.47972587093089664, 0.1716162193032553, 0.08994860079954312, 0.06167904054825814, 0.041119360365505425, 0.027698458023986294, 0.02141633352370074, 0.013420902341519133, 0.014848657909765849, 0.011707595659623073, 0.007138777841233581, 0.005425471159337522, 0.004283266704740148, 0.004568817818389492, 0.0028555111364934323, 0.002284408909194746, 0.002284408909194746, 0.002569960022844089, 0.002569960022844089, 0.0014277555682467161, 0.0017133066818960593, 0.0008566533409480297, 0.001142204454597373, 0.0008566533409480297, 0.0017133066818960593, 0.0005711022272986865, 0.0014277555682467161, 0.0008566533409480297, 0.0005711022272986865, 0.00028555111364934324, 0.0005711022272986865, 0.0008566533409480297, 0.00028555111364934324, 0.0005711022272986865, 0.00028555111364934324, 0.0008566533409480297, 0.0008566533409480297, 0.00028555111364934324, 0.00028555111364934324, 0.00028555111364934324, 0.0005711022272986865, 0.0005711022272986865, 0.00028555111364934324, 0.00028555111364934324, 0.0005711022272986865, 0.0005711022272986865, 0.00028555111364934324, 0.0008566533409480297, 0.00028555111364934324, 0.00028555111364934324, 0.0005711022272986865, 0.00028555111364934324, 0.00028555111364934324, 0.00028555111364934324, 0.00028555111364934324, 0.00028555111364934324, 0.00028555111364934324, 0.0005711022272986865, 0.00028555111364934324, 0.00028555111364934324, 0.00028555111364934324, 0.00028555111364934324, 0.00028555111364934324, 0.00028555111364934324, 0.00028555111364934324, 0.00028555111364934324, 0.0008566533409480297, 0.0005711022272986865, 0.00028555111364934324, 0.00028555111364934324, 0.0005711022272986865, 0.00028555111364934324, 0.00028555111364934324, 0.0005711022272986865, 0.00028555111364934324, 0.00028555111364934324, 0.00028555111364934324, 0.00028555111364934324, 0.00028555111364934324, 0.00028555111364934324, 0.00028555111364934324, 0.00028555111364934324, 0.00028555111364934324, 0.00028555111364934324],
		'edge2node':2.743003997715591,
		'node2edge':0.36456381428273993,
		'edge2node_adj':adj_largestC()['Bacteria'][1],
		'node2edge_adj':adj_largestC()['Bacteria'][0],
		'edges':9606,
		'nodes':3502
    },
'Human-miRTarBase':{
		'deg':[1, 2, 3, 4, 5, 6, 7, 8, 9, 10, 11, 12, 13, 14, 15, 16, 17, 18, 19, 20, 21, 22, 23, 24, 25, 26, 28, 29, 30, 31, 32, 33, 34, 35, 36, 37, 38, 40, 41, 43, 44, 45, 46, 47, 49, 50, 51, 52, 53, 55, 60, 64, 66, 67, 69, 72, 78, 80, 82, 88, 99, 120, 205],
		'freq':[0.5067750677506775, 0.17770034843205576, 0.07936507936507936, 0.05110336817653891, 0.032520325203252036, 0.02051877661633759, 0.02245451025938831, 0.013937282229965157, 0.007355787843592722, 0.009291521486643438, 0.005032907471931862, 0.005032907471931862, 0.0038714672861014324, 0.005032907471931862, 0.0038714672861014324, 0.004258614014711576, 0.0027100271002710027, 0.004645760743321719, 0.003484320557491289, 0.0027100271002710027, 0.001548586914440573, 0.001548586914440573, 0.0019357336430507162, 0.001548586914440573, 0.0019357336430507162, 0.001548586914440573, 0.0023228803716608595, 0.001548586914440573, 0.001548586914440573, 0.0007742934572202865, 0.001548586914440573, 0.00038714672861014324, 0.0011614401858304297, 0.0011614401858304297, 0.00038714672861014324, 0.0007742934572202865, 0.0023228803716608595, 0.0007742934572202865, 0.00038714672861014324, 0.0007742934572202865, 0.0007742934572202865, 0.00038714672861014324, 0.0007742934572202865, 0.0007742934572202865, 0.0007742934572202865, 0.0007742934572202865, 0.00038714672861014324, 0.0011614401858304297, 0.00038714672861014324, 0.00038714672861014324, 0.00038714672861014324, 0.0007742934572202865, 0.00038714672861014324, 0.0007742934572202865, 0.00038714672861014324, 0.00038714672861014324, 0.00038714672861014324, 0.00038714672861014324, 0.00038714672861014324, 0.00038714672861014324, 0.00038714672861014324, 0.00038714672861014324, 0.00038714672861014324],
		'edge2node':2.1099496709252805,
		'node2edge':0.47394495412844034,
		'edge2node_adj':adj_largestC()['Bacteria'][1],
		'node2edge_adj':adj_largestC()['Bacteria'][0],
		'edges':5450,
		'nodes':2583
    },
'Human-TRRUST':{
		'deg':[1, 2, 3, 4, 5, 6, 7, 8, 9, 10, 11, 12, 13, 14, 15, 16, 17, 18, 19, 20, 21, 22, 23, 24, 25, 26, 27, 28, 29, 30, 31, 32, 33, 34, 35, 36, 37, 38, 39, 40, 41, 42, 43, 45, 48, 49, 51, 53, 58, 59, 61, 62, 63, 68, 72, 80, 83, 85, 86, 87, 95, 97, 100, 107, 115, 118, 120, 138, 150, 168, 184, 209, 320, 336, 469],
		'freq':[0.36644591611479027, 0.19094922737306844, 0.11479028697571744, 0.07505518763796909, 0.046357615894039736, 0.025754231052244298, 0.026490066225165563, 0.01582045621780721, 0.015084621044885945, 0.013980868285504048, 0.010669610007358351, 0.01177336276674025, 0.0033112582781456954, 0.006622516556291391, 0.005518763796909493, 0.002207505518763797, 0.0051508462104488595, 0.003679175864606328, 0.004415011037527594, 0.0007358351729212656, 0.0025754231052244297, 0.004782928623988227, 0.003679175864606328, 0.0029433406916850625, 0.0025754231052244297, 0.002207505518763797, 0.0025754231052244297, 0.001839587932303164, 0.001839587932303164, 0.0029433406916850625, 0.0007358351729212656, 0.001839587932303164, 0.0003679175864606328, 0.0011037527593818985, 0.001839587932303164, 0.0007358351729212656, 0.0007358351729212656, 0.0003679175864606328, 0.0007358351729212656, 0.0007358351729212656, 0.0014716703458425313, 0.0007358351729212656, 0.0003679175864606328, 0.0003679175864606328, 0.0003679175864606328, 0.0003679175864606328, 0.0007358351729212656, 0.0014716703458425313, 0.0007358351729212656, 0.0007358351729212656, 0.0003679175864606328, 0.0007358351729212656, 0.0007358351729212656, 0.0007358351729212656, 0.0003679175864606328, 0.0003679175864606328, 0.0003679175864606328, 0.0003679175864606328, 0.0003679175864606328, 0.0003679175864606328, 0.0003679175864606328, 0.0007358351729212656, 0.0003679175864606328, 0.0003679175864606328, 0.0003679175864606328, 0.0003679175864606328, 0.0003679175864606328, 0.0003679175864606328, 0.0003679175864606328, 0.0003679175864606328, 0.0003679175864606328, 0.0003679175864606328, 0.0003679175864606328, 0.0003679175864606328, 0.0003679175864606328],
		'edge2node':2.9488594554819723,
		'node2edge':0.3391141609482221,
		'edge2node_adj':adj_largestC()['Bacteria'][1],
		'node2edge_adj':adj_largestC()['Bacteria'][0],
		'edges':8015,
		'nodes':2718
    },
'Mouse-Liu':{
		'deg':[1, 2, 3, 4, 5, 6, 7, 8, 9, 10, 11, 12, 13, 14, 15, 16, 17, 18, 19, 20, 21, 23, 25, 27, 28, 29, 33, 34, 35, 36, 37, 38, 39, 41, 44, 47, 48, 49, 51, 54, 55, 58, 59, 62, 68, 72, 74, 81, 85, 88, 89, 91, 93, 109, 116, 123, 133, 144, 183],
		'freq':[0.3711699164345404, 0.2200557103064067, 0.09958217270194986, 0.09331476323119778, 0.04805013927576602, 0.02437325905292479, 0.028551532033426183, 0.006963788300835654, 0.011142061281337047, 0.016713091922005572, 0.014623955431754874, 0.009749303621169917, 0.003481894150417827, 0.003481894150417827, 0.0020891364902506965, 0.0006963788300835655, 0.002785515320334262, 0.001392757660167131, 0.0006963788300835655, 0.0020891364902506965, 0.0006963788300835655, 0.0020891364902506965, 0.002785515320334262, 0.0006963788300835655, 0.0006963788300835655, 0.0020891364902506965, 0.002785515320334262, 0.0020891364902506965, 0.0006963788300835655, 0.001392757660167131, 0.0006963788300835655, 0.0006963788300835655, 0.0006963788300835655, 0.001392757660167131, 0.0006963788300835655, 0.0006963788300835655, 0.0006963788300835655, 0.0006963788300835655, 0.001392757660167131, 0.0006963788300835655, 0.0006963788300835655, 0.0006963788300835655, 0.0006963788300835655, 0.0006963788300835655, 0.0020891364902506965, 0.0006963788300835655, 0.0006963788300835655, 0.0006963788300835655, 0.0006963788300835655, 0.0006963788300835655, 0.0006963788300835655, 0.0006963788300835655, 0.0006963788300835655, 0.0006963788300835655, 0.0006963788300835655, 0.0006963788300835655, 0.0006963788300835655, 0.0006963788300835655, 0.0006963788300835655],
		'edge2node':2.5577994428969357,
		'node2edge':0.39096106724748164,
		'edge2node_adj':adj_largestC()['Bacteria'][1],
		'node2edge_adj':adj_largestC()['Bacteria'][0],
		'edges':3673,
		'nodes':1436
    },
'Mouse-miRTarBase':{
		'deg':[1, 2, 3, 4, 5, 6, 7, 8, 9, 10, 11, 12, 14, 16, 17, 18, 19, 25, 26, 31, 35, 39, 42, 48],
		'freq':[0.5236167341430499, 0.19838056680161945, 0.09581646423751687, 0.048582995951417005, 0.0310391363022942, 0.021592442645074223, 0.017543859649122806, 0.012145748987854251, 0.010796221322537112, 0.008097165991902834, 0.006747638326585695, 0.002699055330634278, 0.001349527665317139, 0.005398110661268556, 0.001349527665317139, 0.004048582995951417, 0.001349527665317139, 0.001349527665317139, 0.001349527665317139, 0.001349527665317139, 0.001349527665317139, 0.001349527665317139, 0.001349527665317139, 0.001349527665317139],
		'edge2node':1.3751686909581646,
		'node2edge':0.7271835132482827,
		'edge2node_adj':adj_largestC()['Bacteria'][1],
		'node2edge_adj':adj_largestC()['Bacteria'][0],
		'edges':1019,
		'nodes':741
    },
'Bacteria-RegulonDB':{
		'deg':[1, 2, 3, 4, 5, 6, 7, 8, 9, 10, 11, 12, 13, 14, 15, 17, 19, 20, 22, 25, 28, 29, 31, 34, 40, 41, 43, 46, 97, 127, 163],
		'freq':[0.512249443207127, 0.25389755011135856, 0.08463251670378619, 0.043429844097995544, 0.022271714922048998, 0.012249443207126948, 0.0033407572383073497, 0.005567928730512249, 0.0077951002227171495, 0.005567928730512249, 0.008908685968819599, 0.0022271714922048997, 0.005567928730512249, 0.0033407572383073497, 0.0033407572383073497, 0.0011135857461024498, 0.0011135857461024498, 0.0033407572383073497, 0.0011135857461024498, 0.0011135857461024498, 0.0011135857461024498, 0.0033407572383073497, 0.0011135857461024498, 0.0011135857461024498, 0.0022271714922048997, 0.0022271714922048997, 0.0011135857461024498, 0.0011135857461024498, 0.0022271714922048997, 0.0011135857461024498, 0.0011135857461024498],
		'edge2node':1.6492204899777283,
		'node2edge':0.6063470627954085,
		'edge2node_adj':adj_largestC()['Bacteria'][1],
		'node2edge_adj':adj_largestC()['Bacteria'][0],
		'edges':1481,
		'nodes':898
    },
'Human-BioGrid':{
		'deg':[1, 2, 3, 4, 5, 6, 7, 8, 9, 10, 11, 12, 13, 14, 15, 16, 17, 18, 19, 20, 21, 22, 23, 24, 25, 26, 27, 28, 29, 30, 31, 32, 33, 34, 35, 36, 38, 39, 40, 42, 43, 46, 48, 50, 52, 53, 54, 57, 58, 60, 62, 64, 73, 76, 83, 86, 91, 93, 129, 184],
		'freq':[0.3448777648428405, 0.1740395809080326, 0.12019790454016298, 0.0779976717112922, 0.05151338766006985, 0.04685681024447032, 0.029976717112922, 0.024447031431897557, 0.018626309662398137, 0.014551804423748545, 0.009022118742724098, 0.010768335273573923, 0.008440046565774156, 0.005820721769499418, 0.007566938300349243, 0.004365541327124563, 0.005238649592549476, 0.004365541327124563, 0.005238649592549476, 0.002619324796274738, 0.0014551804423748546, 0.002037252619324796, 0.002619324796274738, 0.002328288707799767, 0.0014551804423748546, 0.0014551804423748546, 0.0011641443538998836, 0.0011641443538998836, 0.0011641443538998836, 0.0017462165308498253, 0.0008731082654249127, 0.0005820721769499418, 0.002037252619324796, 0.0008731082654249127, 0.0008731082654249127, 0.0008731082654249127, 0.0005820721769499418, 0.0008731082654249127, 0.0008731082654249127, 0.0008731082654249127, 0.0011641443538998836, 0.0002910360884749709, 0.0002910360884749709, 0.0002910360884749709, 0.0005820721769499418, 0.0002910360884749709, 0.0005820721769499418, 0.0002910360884749709, 0.0005820721769499418, 0.0002910360884749709, 0.0002910360884749709, 0.0002910360884749709, 0.0002910360884749709, 0.0002910360884749709, 0.0002910360884749709, 0.0002910360884749709, 0.0002910360884749709, 0.0002910360884749709, 0.0002910360884749709, 0.0002910360884749709],
		'edge2node':2.40221187427241,
		'node2edge':0.4162830142960989,
		'edge2node_adj':adj_largestC()['Bacteria'][1],
		'node2edge_adj':adj_largestC()['Bacteria'][0],
		'edges':8254,
		'nodes':3436
    },
'Fly-BioGrid':{
		'deg':[1, 2, 3, 4, 5, 6, 7, 8, 10, 11, 12, 13, 15, 16, 19, 21],
		'freq':[0.4095744680851064, 0.20212765957446807, 0.14893617021276595, 0.0797872340425532, 0.05851063829787234, 0.005319148936170213, 0.031914893617021274, 0.005319148936170213, 0.005319148936170213, 0.02127659574468085, 0.005319148936170213, 0.005319148936170213, 0.005319148936170213, 0.005319148936170213, 0.005319148936170213, 0.005319148936170213],
		'edge2node':1.4840425531914894,
		'node2edge':0.6738351254480287,
		'edge2node_adj':adj_largestC()['Bacteria'][1],
		'node2edge_adj':adj_largestC()['Bacteria'][0],
		'edges':279,
		'nodes':188
    },
'Yeast-BioGrid':{
		'deg':[1, 2, 3, 4, 5, 6, 7, 8, 9, 10, 11, 12, 13, 14, 15, 16, 17, 18, 19, 20, 21, 22, 23, 24, 25, 26, 27, 28, 29, 30, 31, 32, 33, 34, 35, 37, 38, 40, 41, 42, 45, 49, 50, 52, 53, 60, 61, 65, 96],
		'freq':[0.18858560794044665, 0.1555004135649297, 0.11248966087675766, 0.09387923904052936, 0.07154673283705541, 0.05748552522746071, 0.04425144747725393, 0.04094292803970223, 0.03391232423490488, 0.028122415219189414, 0.02357320099255583, 0.017783291976840365, 0.016542597187758478, 0.015715467328370553, 0.015301902398676593, 0.008684863523573201, 0.009511993382961124, 0.006617038875103391, 0.008684863523573201, 0.007444168734491315, 0.0037220843672456576, 0.0033085194375516956, 0.0037220843672456576, 0.0020678246484698098, 0.0024813895781637717, 0.0028949545078577337, 0.0028949545078577337, 0.0020678246484698098, 0.0028949545078577337, 0.0012406947890818859, 0.0008271298593879239, 0.0033085194375516956, 0.0020678246484698098, 0.0016542597187758478, 0.0008271298593879239, 0.00041356492969396195, 0.0012406947890818859, 0.0008271298593879239, 0.00041356492969396195, 0.0008271298593879239, 0.00041356492969396195, 0.00041356492969396195, 0.00041356492969396195, 0.00041356492969396195, 0.00041356492969396195, 0.00041356492969396195, 0.00041356492969396195, 0.00041356492969396195, 0.00041356492969396195],
		'edge2node':3.1712158808933,
		'node2edge':0.31533646322378717,
		'edge2node_adj':adj_largestC()['Bacteria'][1],
		'node2edge_adj':adj_largestC()['Bacteria'][0],
		'edges':7668,
		'nodes':2418
    },
'Worm-BioGrid':{
		'deg':[1, 2, 3, 4, 5, 6, 7, 8],
		'freq':[0.5272727272727272, 0.21818181818181817, 0.05454545454545454, 0.05454545454545454, 0.01818181818181818, 0.03636363636363636, 0.05454545454545454, 0.03636363636363636],
		'edge2node':1.1636363636363636,
		'node2edge':0.859375,
		'edge2node_adj':adj_largestC()['Bacteria'][1],
		'node2edge_adj':adj_largestC()['Bacteria'][0],
		'edges':64,
		'nodes':55
    },
'Mouse-BioGrid':{
		'deg':[1, 2, 3, 4, 5, 6, 7, 8, 9, 10, 11, 12, 13, 14, 15, 16, 17, 19, 20, 21, 24, 31, 46, 51, 55, 63],
		'freq':[0.4772065955383123, 0.1901066925315228, 0.11930164888457807, 0.0533462657613967, 0.04267701260911736, 0.029097963142580018, 0.019398642095053348, 0.02133850630455868, 0.01066925315227934, 0.004849660523763337, 0.007759456838021339, 0.0019398642095053346, 0.002909796314258002, 0.0038797284190106693, 0.0009699321047526673, 0.0019398642095053346, 0.002909796314258002, 0.0009699321047526673, 0.0009699321047526673, 0.0019398642095053346, 0.0009699321047526673, 0.0009699321047526673, 0.0009699321047526673, 0.0009699321047526673, 0.0009699321047526673, 0.0009699321047526673],
		'edge2node':1.451988360814743,
		'node2edge':0.6887107548430194,
		'edge2node_adj':adj_largestC()['Bacteria'][1],
		'node2edge_adj':adj_largestC()['Bacteria'][0],
		'edges':1497,
		'nodes':1031
    },
'Plant-BioGrid':{
		'deg':[1, 2, 3, 4, 5, 6, 7, 8, 9, 10, 11, 12, 13, 14, 15, 16, 17, 18, 19, 20, 21, 22, 23, 24, 25, 26, 27, 29, 30, 31, 32, 35, 40, 44, 50, 99],
		'freq':[0.4115015974440895, 0.19297124600638976, 0.10862619808306709, 0.07348242811501597, 0.044089456869009586, 0.03642172523961661, 0.0268370607028754, 0.020447284345047924, 0.012140575079872205, 0.01853035143769968, 0.007028753993610224, 0.010862619808306708, 0.005111821086261981, 0.007028753993610224, 0.003194888178913738, 0.0012779552715654952, 0.0006389776357827476, 0.0019169329073482429, 0.0019169329073482429, 0.0025559105431309905, 0.0012779552715654952, 0.0019169329073482429, 0.0006389776357827476, 0.0006389776357827476, 0.0006389776357827476, 0.0012779552715654952, 0.0012779552715654952, 0.0006389776357827476, 0.0006389776357827476, 0.0006389776357827476, 0.0006389776357827476, 0.0006389776357827476, 0.0006389776357827476, 0.0006389776357827476, 0.0006389776357827476, 0.0006389776357827476],
		'edge2node':1.7539936102236422,
		'node2edge':0.5701275045537341,
		'edge2node_adj':adj_largestC()['Bacteria'][1],
		'node2edge_adj':adj_largestC()['Bacteria'][0],
		'edges':2745,
		'nodes':1565
    },
'Human-PSICQUIC':{
		'deg':[1, 2, 3, 4, 5, 6, 7, 8, 9, 10, 11, 12, 13, 14, 15, 16, 17, 18, 19, 20, 21, 22, 23, 24, 25, 26, 28, 29, 30, 31, 33, 35, 36, 37, 38, 39, 43, 44, 45, 51, 53, 54, 55, 64, 66, 69, 74, 75, 82, 83, 85, 88, 111, 150, 159, 177, 183, 187],
		'freq':[0.4749279538904899, 0.18703170028818444, 0.10864553314121038, 0.057060518731988474, 0.04438040345821326, 0.024495677233429394, 0.01729106628242075, 0.019020172910662825, 0.011527377521613832, 0.0069164265129683, 0.00547550432276657, 0.0069164265129683, 0.003170028818443804, 0.004322766570605188, 0.0037463976945244955, 0.0023054755043227667, 0.001729106628242075, 0.0020172910662824206, 0.0005763688760806917, 0.0005763688760806917, 0.0011527377521613833, 0.00028818443804034583, 0.0008645533141210375, 0.001729106628242075, 0.0005763688760806917, 0.0011527377521613833, 0.00028818443804034583, 0.0005763688760806917, 0.0008645533141210375, 0.0008645533141210375, 0.00028818443804034583, 0.0005763688760806917, 0.0005763688760806917, 0.00028818443804034583, 0.00028818443804034583, 0.00028818443804034583, 0.0005763688760806917, 0.00028818443804034583, 0.00028818443804034583, 0.00028818443804034583, 0.0005763688760806917, 0.00028818443804034583, 0.00028818443804034583, 0.00028818443804034583, 0.00028818443804034583, 0.00028818443804034583, 0.00028818443804034583, 0.0005763688760806917, 0.00028818443804034583, 0.00028818443804034583, 0.00028818443804034583, 0.00028818443804034583, 0.00028818443804034583, 0.00028818443804034583, 0.00028818443804034583, 0.00028818443804034583, 0.00028818443804034583, 0.00028818443804034583],
		'edge2node':1.78328530259366,
		'node2edge':0.5607627666451196,
		'edge2node_adj':adj_largestC()['Bacteria'][1],
		'node2edge_adj':adj_largestC()['Bacteria'][0],
		'edges':6188,
		'nodes':3470
    },
'Plant-PSICQUIC':{
		'deg':[1, 2, 3, 4, 5, 6, 7, 8, 9, 10, 11, 77, 86, 101, 102, 113, 118, 125],
		'freq':[0.30869565217391304, 0.10434782608695652, 0.09565217391304348, 0.030434782608695653, 0.11304347826086956, 0.06086956521739131, 0.22608695652173913, 0.013043478260869565, 0.004347826086956522, 0.004347826086956522, 0.008695652173913044, 0.004347826086956522, 0.004347826086956522, 0.004347826086956522, 0.004347826086956522, 0.004347826086956522, 0.004347826086956522, 0.004347826086956522],
		'edge2node':3.4304347826086956,
		'node2edge':0.2915082382762991,
		'edge2node_adj':adj_largestC()['Bacteria'][1],
		'node2edge_adj':adj_largestC()['Bacteria'][0],
		'edges':789,
		'nodes':230
    },
'Yeast-PSICQUIC':{
		'deg':[1, 2, 3, 4, 5, 6, 7, 8, 9, 10, 11, 12, 13, 14, 15, 17, 18, 20, 21, 22, 23, 30, 34, 39, 47, 54, 59, 66, 72, 99, 124, 132],
		'freq':[0.46153846153846156, 0.20078226857887874, 0.11994784876140809, 0.061277705345501955, 0.05084745762711865, 0.020860495436766623, 0.02216427640156454, 0.014341590612777053, 0.00651890482398957, 0.002607561929595828, 0.003911342894393742, 0.001303780964797914, 0.002607561929595828, 0.001303780964797914, 0.001303780964797914, 0.002607561929595828, 0.002607561929595828, 0.002607561929595828, 0.002607561929595828, 0.001303780964797914, 0.001303780964797914, 0.002607561929595828, 0.001303780964797914, 0.001303780964797914, 0.001303780964797914, 0.001303780964797914, 0.001303780964797914, 0.001303780964797914, 0.001303780964797914, 0.001303780964797914, 0.001303780964797914, 0.001303780964797914],
		'edge2node':1.8070404172099088,
		'node2edge':0.5533910533910534,
		'edge2node_adj':adj_largestC()['Bacteria'][1],
		'node2edge_adj':adj_largestC()['Bacteria'][0],
		'edges':1386,
		'nodes':767
    },